,pid,rt_n03_tpre,rt_n06_tpre,rt_n12_tpre,rt_n18_tpre,rt_n03_tabs,rt_n06_tabs,rt_n12_tabs,rt_n18_tabs,cor_n03_tpre,cor_n06_tpre,cor_n12_tpre,cor_n18_tpre,cor_n03_tabs,cor_n06_tabs,cor_n12_tabs,cor_n18_tabs,exg_params_n03_tpre,exg_params_n06_tpre,exg_params_n12_tpre,exg_params_n18_tpre,exg_params_n03_tabs,exg_params_n06_tabs,exg_params_n12_tabs,exg_params_n18_tabs,ddm_params_n03_tpre,ddm_params_n06_tpre,ddm_params_n12_tpre,ddm_params_n18_tpre,ddm_params_n03_tabs,ddm_params_n06_tabs,ddm_params_n12_tabs,ddm_params_n18_tabs,RE_all_exg,OI_all_exg,CS_all_exg,ED_all_exg,CS_all_ddm,ED_all_ddm
1,1,"[ 408  361  327  535  327  311  352  303  360  407  327  334  335  360
  448  663  383  328  613  338  353  361  376  393  497  408  319  303
  471  384  352  344  463  407  376  600  335  295  272  359  392  297
  352  303  280  367  367  303  405  311  303  343  343  336  343  440
  280  287  319  383  399  327  367  367  327  342  359  479  319  303
  359  358  367  327  311  334  430  318  438  295  383  295  311  472
  344  304  344  288  329  273  288  304  336  343  295  240  239  303
  303  311  350  334  614  359  383  318  375  647  344  320  327  528
  310  374  775  680  407  287  399  391  271  950  311  374  415  399
 2375  351  366  328  375  431  327  327  318  336  240  256  304  248
  327  320  367  255  264  288  296  200  319  471  566  567  239  311
  350  269  366  318  295  350  326  238  326  309  294  350  558  455
  278  262  455  310  294  334  358  374  351  350  615  430  406  366
  454  334  422  390  343  294  278  265  329  288  319  375  288  439
  351  327  271  287  287  359  310  215  431  302  319  391  407  319
  303  303  302  335  431  383  327  765  406  639  391  336  439  310
  279  487  399  342  335  334  367  350  575  311  319  445  334  398
  350  392  360  447  376  416  343  415  335  400  335  302  288  320
  511  415  654  335  254  335  310  294  391  318  359  287  390  279
  318  311  327  342  343  359  311  527  367  367  631  278  351  303
  350  358  327  319  271  327  446  375  302  247  169  209  280  289
  304  344  312  312  336  319  679  335  319  263  352  295  336  375
  351  287  344  255  431  303  223  319  279  327  319  311  342  255
  335  327  511  288  471  247  302  384  303  343  319  279  304  280
  335  279  488  392  296  479  327  384  359  319  359  301  340  404
  339  368  348  340  435 1099  395  436  459  355  362  731  331  363
  379  812  395  443  379  426  403  307  547  618  347  372  738  411
  348  355  392  403  395  315  339  299  475  427  449  419  403  371
  395  355  411  474  433  306  419  314  411  339  412  333  396  372
  347  443  340  356  331  338  340  323  339  529  354  392  387  419
  539  402  603  339  394  345  411  339  387  417  403  474  338  321
 1979  371  547  538  387  315  315  594  450  347  404  346  713  308
  283  379  729  322  323  338  371  482  363  979  330  402  802  322
  369  363  395  299  810  344  418  507  418  307  424  298  323  299
  370  370  323  346  322  426  442  370  506  394  290  689  433  368
  346  290]","[ 405  326  382  302  302  469  382  373  300  325  605  421  349  382
  405  692  326  293  356  412  315  349  355  437  438  366  327  831
  446  334  430  357  382  269  333  428  349  262  517  340  421  302
  334  469  541  740  877  333  347  285  436  349  332  341  349  476
  301  340  348  365  381  353  406  373  428  309  365  404  380  324
  444  332  349  284  317  293  564  396  572  372  396  396  429  372
  309  404  325  348  316  852 1036  308  307  300  308  467  428  317
  303  534  434  262  478  301  341  404  372  308  333  372  356  356
  588  348  396  340  325  332  292  628  420  348  357  323  333  700
  349  309  333  654  517  349  349  397  445  333  572  420  293  324
  573  284  492  460  261  332  397  524  341  365  436  307  356  426
  612  325  286  305  421  326  262  270  237  293  260  300  276  355
  276  300  316  300  285  484  276  468  412  348  260  356  308  236
  308  299  308  323  308  300  315  356  284  419  300  284  283  260
  292  316  238  382  334  326  300  316  284  412  333  308  276  309
  332  388  300  324  396  300  452  420  348  307  332  284  500  436
  604  308  428  372  284  292  276  611  292  308  300  323  348  372
  371  500  325  436  795  276  299  308  708  444  485  349  428  324
  492  323  389  356  372  278  373  254  430  229  293  413  286  349
  253  245  340  388  356  675  571  340  380  468  300  316  260  317
  300  420  356  244  340  340  924  300 2140  324  364  324  412  388
  356  299  372  388  411  388  357  333  332  182  358  397  324  261
  301  333  308  349  348  333  445  317  284  357  309  309  365  516
  525  309  365  300  397  309  260  301  373  333  405  404  293  404
  316  332  484  277  412  277  309  532  245  285  325  421  301  333
  269  324  337  248  377  377 1025  424  416  398  390  336  465  360
  329  328  432  417  360  358  368  440  369  318  537  334  351  384
  272  249  512  472  448  480  392  456  424  508  312  407  330  394
  312  374  394  498  472  392  352  968  376  320  520  406  422  319
  447  320  368  336  336  384  376  329  394  370  658  313  345  872
  416  557  606  440  614  550  542  640  334  376  671  614  568  328
  272  288  329  415  377  337  408  392  343  335  320  415  416  304
  328  376  413  303  352  528  376  815  397  767  415  303  381  517
  335  367  351  351  359  534  422  335  320  824  375  320  344  328
  384  463  360  398  368  326  326  422  351  504  312  319  300  328
  383  279]","[ 346  378  369  392  384  320  336  399  512  368  367  352  439  431
  312  390  448  346  537  432  432  344  367  688  336  471  416  311
  511  370  370  312  384  327  407  384  403  370  400  353  416  287
  343  375  327  315  274  314  368  337  377  416  312  318  407  367
  367  567  351  343  463  344  423  367  303  279  463  263  343  375
  343  303  448  302  319  302  343  399  263  351  335  375  678  375
  351  385  298  313  281  249  352  304  338  450  307  330  362  282
  321  297  264  367  326  415  463  343  495  303  351  375  471  303
  375  574  399  495  390  423  407  299  307  425  738  343  446  424
  350  295  287  334  510  350  607  271  335  295  343  327  367  494
  327  375  327  274  289  336  312  344  552  326  271  450  224  463
  288  335  479  295  351  359  287  351  342  254  381  422  327  326
  301  230  286  302  407  359  391  318  286  351  286  350  382  454
  318  349  374  343  391  340  415  374  335  335  295  318  654  303
  342  414  282  354  298  457  282  329  336  280  351  351  295  279
  335  351  399  247  343  487  272  303  382  343  335  389  431  398
  318  319  359  311  414  343  335  326  383  199  408  503  271  311
  343  359  359  390  375  760  335  383  302  383  382  319  415  442
  306  328  296  373  350  383  287  426  410  256  439  375  447  390
  319  647  271  303  391  279  327  327  311  319  423  462  359  335
  319  255  311  303  438  279  319  295  295  303  294  295  511  427
  322  394  361  289  401  358  544  359  303  384  328  336  392  311
  303  311  319  247  454  304  631  327  304  390  391  423  391  336
  352  616  319  399  288  295  295  343  295  375  335  304  311  376
  367  319  390  351  224  343  287  239  319  382  712  462  247  287
  485  476  321  346  378  394  363  811  771  354  394 1042  434  530
  874  354  394  355  379  507  370  358  338  849  377  745 1361  306
  482  362  354  442  306  290  394  402  282  330  394  386  330  383
  322  314  883  329  362 1241  402  317  310  334  350  388  557  261
  396  458  360  507  355  410  378  395  418  387  363  330 1194  457
  386  394  401  394  338  378  418  360  380  389  379  891  449  617
  433  711  378  337  812  358  445  452  412  306  344  378  400  330
  393  410  562  346  410  362  482  378  474  313  649  322  682  648
  514 1162  370  377  386  434  370  370  346  578  386  344  482  770
  433  322  418  442  361]","[ 388  356  332  940  332  450  314  354  370  458  417  290  346  378
  411  282  411  419  370  698  338  387  330  386  378  554  352  375
  382  388  339  315  281  482  473  458  363  458  579  370  371  442
  303  317  502  308  380  373  485  379  483  274  305  345  371  347
  325  348  298  338  842  307  538  322  314  382  388  323  348  364
  338  346  418  402  346  378  371  330  370  290  314  314  338  274
  346  346  417  386  649  322  370  426  394  298  449  594  374 1628
  310  286  350  309  317  347  313  306  282  562  410  337  330  450
  361  274  378  330  530 1081  310  349  378  834  314  322  290  410
  450  530  313  386  321  354  321  338  266  266  378  377  314  282
  314  290  298 1170  274  325  292  372  450  229  252  284  289  353
  393  282  313  313  305  370  281  273  281  298  321  282  345  369
  321  289  322  337  314  346  297  441  402  425  313  321  322  303
  442  338  330  521  461  420  332  307  306  497  658  402  274  305
  362  394  657  322  401  369  369  298  433  418  377  624  386  330
  394  306  258  442  505  522  338  354  369  321  298  314  346  889
  378  433  361  329  346  354  626  370  362  538  338  438  389  308
  340  379  379  834  339  426  482  298  338  290  310  310  237  301
  324  364  546  346  306  386  522  298  418  481  314  394  386  457
  354  409  306  321  322  394  336  305  314  313  354  290  314  394
  354  857  353  362  385  269  300  323  283  378  410  314  298  370
  362  426  458  369  402  305  274  266  362  618  474  379  379  338
  307  282  347  418  362  306  354  323  305  314  370  306  233  306
  578  307  307  386  346  273  378  274  369  335  393  409  413  302
  358  375  286  324  366  373  363  332  341  427  459  493  405  459
  396  357  396  412  348  428  386  308  324  388  683  411  372  348
  340  341  364  412  369  389  324  365  420  252  404  410  404  397
  333  484  652  373  636  364  337  352  384  298  375  484  468  444
  421  667  355  493  588  341  404  372  426  445  517  381  356  380
  356  395 1322  404  308  380  965  359  337  328  343  344  367  398
  381  429  540  618  395  425  340  540  659  867  415  423  646  871
  453  332  364  316  468  780  364  348  300  356  420  652  318  420
  338  356  362  347  650  427  436  692  756  341  300  300  356  356
  412  332  355  340  393  348  420  312  385  331  284  404  404]","[ 713  329  377  377  368  391  391  359  336 1224  407  664  343  360
  528  391  375  383  431  559  336  376  377  407  415  359  423  527
  463  519  456  386  424  359  352  472  511  471  422  480  342  784
  399  383  350  480  384  464  407  336  360  367  327  935  919  328
  391  343  415  336  353  320  319  296  360  336  303  335  399  335
  359  479  326  319  383  375  415  375  456  471  407  639  406  360
  336  351  351  288  351  358  358  336  334  375  336  471  295  391
  359  415  302  319  383  695  320  320  520  360  360  400  368  343
  335  289  416  313  288  328  360  359  351  311  311  343  440  527
  351  439  383  551  326  344  415  647  718  423  471  687  639  288
  313  344  280  248  335  375  311  903  439  792  351  287  327  334
  374  239  743  455  399  407  799  320  367  366  328  343  337  271
  319  360  384  320  296  312  320  360  351  567  279  326  334  302
  271  303  359  335  358  446  358  342  375  342  302  247  455  335
  294  326  263  342  311  366  319  399  319  295  911  422  319  302
  326  286  302  366  310  304  304  328  328  303  288  311  415  286
  295  254  295  511  343  295  375  471  743  359  366  311  391  367
  511  335  326  287  358  311  247  343  311  695  334  336  742  318
  471  351  343  327  376  353  361  336  328  344  319  367  310  404
  337  329  400  832  320  383  351  518  391  310  231  399  399  333
  286  399  335  327  303  287  255  295  415  327  391  351  486  280
  423  383  294  391  351  351  375  335  391  351  351  271  319  264
  335  433  313  313  336  528  288  400  511  352  271  303  327  375
  342  327  319  296  287  352  352  408  382  447  559  351  719  352
  382  415  287  672  360  375  326  272  319  375  727  326  295  336
  463  327  359  320  399  384  367  359  237  381  300  300  323  667
  500  459  364  403  395  403  500  476  332  411  370  404  332  323
  371  411  395  466  529  347  587  401  428  315  467  683  499  379
  547  507  394  395  394  327  347  402  347  419  285  341  316  325
  364  323  445  348  364  372  467  370  459  411  387  436  467  339
  475  347  379  691  651  425  568  331  378  433  354  339  355  313
  467  355  475  483  634  363  315  395  314  419  380  380  346  380
  458  426 1236  410  739  531  547  531  378  387  899  309  314  530
  345  315  348  331  387  378  434  411  306  339  362  355  362  458
  610  409  323  338  575  362  345  353  433  339  331  323  346  323
  359  338  355  339  322  346  395  355  362  338  354  307  330  506
  408  346  385  352  299]","[ 351  335  342  500  358  502  477  332  340  453  349  406  332  397
  443  421  357  373  445  482  414  356  324  460  437  389  605  541
  452  397  444  349  207  295  327  272  358  407  326  501  406  390
  309  341  318  349  548  701  332  516  334  341  348  278  374  350
  310  317  342  310  348  372  356  292  404  366  358  358  349  365
  308  357  356  452  356  404  588  420  357  388  293  308  348  365
  356  396  299  324  308  285  485  317  348  468  348  284  300  564
  293  339  373  324  332  324  324  434  342  374  421  341  340  317
  492  292  436  348  381  397  309  332  396  373  452  367  326  327
  334  310  342  254  357  532  676  661  659  523  301  324  293  348
  420  581  276  220  298  348  405  340  347  485  332  420  405  589
  396  357  430  229  358  365  317  405  598  325  349  420  285  277
  308  292  357  260  332  356  340  300  324  284  332  348  324  316
  356  380  340  380  324  356  332  316  299  236  299  324  332  324
  332  292  299  340  316  324  283  284  332  348  300  636  820  314
  268  332  348  428  294  285  261  325  461  276  341  564  300  324
  292  300  340  309  332  252  356  372  292  348  340  284  268  323
  308  324  332  284  404  340  308  324  324  333  380  316  436  397
  333  405  340  331  340  331  621  324  340  372  340  348  324  390
  446  356  356  309 1028  796  500  334  318  349  364  428  468  348
  316  324  380  324  333  316  340  324  308  309  212  348  348  404
  301  380  381  397  301  420  324  309  332  355  332  700  316  308
  331  316  284  420  380  308  268  308  284  348  252  292  383  292
  317  341  364  325  325  292  381  341  444  325  293  292  357  348
  301  348  364  404  445  365  404  340  357  309  356  413  244  197
  325  301  341  284  292  333  236  341  325  733  405  349  331  305
  306  367  344  568  295  352  329  359  376  480  400  440  503  368
  425  329  360  336  329  432  376  405  360  360  351  296  344  423
  342  304  438  383  368  416  384  358  344  400  512  590  696  576
  416  416  392  349  430  296  326  304  351  351  296  291  437  357
  331  299  435  448  465  354  361  367  352  368  352  305  360  312
  480  368  464  375  344  440  568  406  416  392  336  360  359  448
  360  375  464  328  325  320  352  321  457  480  368  408  368  327
  544  488  334  624  366  352  311  351  335  329  338  410  336  409
  320  585  536  400  368  415  340  383  391  351  336  359  367  343
  416  294  342  384  440  359  400  319  448  344  432  639  319  464
  391  312  342  400  383  344  328  351  352  895  367  382  407  351
  296  288  296]","[  324   427   322   378   337   393   343   369   367   351   384   376
   424   304   584   472   304   368   496   344   315   394   346   337
   360   375   352   415   390   367   351   368   304   311   383   335
   234   546   577  1057   616   367   431  1488   504   487 12720   343
   327   431   307   331   345   432   327   422   351   407   391   331
   338   305   354   450   282   345   337   313   353   312   375   343
   541   503   335   367   319   343   455   414   408   343   328   295
   438   311   343   360   951   311   511   351   303   327   496   375
   303   442   330   320   299   281   435   346   361   320   343   343
   343   319   351   343   327   327   335   879   383   365   394   354
   346   306   296   288   289   216   264   255   279   399   726   887
   255   359   327   335   399   319   350   472   367   311   391   295
   352   338   314   287   328   329   288   344   280   310   295   255
   302   367   311   287   278   294   327   310   342   389   287   294
   743   414   327   263   390   318   254   470   319   294   291   298
   282   298   295   270   255   310   407   335   327   263   295   271
   351   287   318   327   287   271   399   311   383   335   367   335
   311   343   335   399   319   311   271   527   351   327   335   375
   311   311   383   351   319   391   335   335   303   370   386   328
   344   414   310   407   319   327   370   272   352   334   296   327
   702   407   415   711   359   295   807   262   327   343   279   350
   287   360   327   327   399   367   279   311   415   295   215   359
   455   327   295   327   591   295   271   335   410   306   321   320
   472   312   472   375   288   271   342   328   392   479   328   327
   295   327   352   384   528   632   359   328   320   663   775   352
   271   319   327   328   384   368   311   312   288   336   263   343
   279   351   367   400   334   280   256   328   351   302   319   310
   388   653   284   348   795   315   458   331   339   427   336   433
   514   315   306   394   498   483   330   410   313   370   370   841
   475   994   370   314   362   418   794   465   425   458   298   370
   346   410   371   474   490   378   378   898   418   442   448   562
   474   353   546   773   369   298   306   770   306   371   362   247
   349   348   596   515   597   357   345   443   532   435   449   338
   538   497   443   633   386   546   482   362   346   355   666   762
   450   627   410   386   321   362   352   410   778   346   433   382
   360   402   329   320   370   322   376   361   547   358   397   445
   362   442   657   338   466   350   356   332   362   675   474   394
   386   363   346   362   418   298   490   330   362   586   433   401
   346   393   328   336   322   327   561   290   442   346   362   466
   402   370   313   426   474   282   386   362   402   354   487   705
   336   273   722   360   712   330   338   362   315   321   322   322]","[ 375  366  325  310  373  652  394  388  337  371  315  331  434  449
  371  362  339  643  587  691  370  467  411  355  409  415  325  453
  366  421  411  412  571  466  418  419  497  395  363  363  255  311
  438  270  370  324  331  450  331  346  371  326  365  804  460  307
  313  409  330  386  345  426  286  364  307  394  441  290  386  362
  522  346  243  433  402  314  346  346  954  378  378  474  282  418
  298  442  314  338  306  530  602  313  370  519  302  270  310  301
  388  539  287  318  340  348  514  394  347  323  314  417  466  410
  354  337  418  313  394  450  490  354  377  354  498  426  327  356
  348  283  316  339  306  345  786  314  362  402  298  290  433  314
  322  394  306  378  258  362  338  338  322  318  342  422  290  242
  298 1250  313  321  250  306  769  354  266  281  337  314  330  297
  329  321  345  354  338  344  354  321  321  321  362  338  346  273
  345  321  321  330  377  314  345  441  321  337  289  306  281  321
  330  312  329  314  377  329  329  322  320  361  465  305  274  410
  281  234  321  337  345  302  470  309  309  339  268  356  354  265
  314  354  314  282  281  450  306  290  346  320  306  298  337  291
  338  354 1306  313  345  289  354  386  482  482  386  346  457  330
  346  346  298  313  369  369  290  353  386  346  506  363  306  586
  322  314  318  294  270  421  357  605  291  372  362  298  295  309
  358  300  308  322  362  354  329  338  321  346  354  369  386  250
  362  290  322  330  345  266  322  274  273  330  658  346  538  394
  322  354  330  273  274  298  274  409  346  330  282  281  327  302
  270  278  397  317  371  362  307  266  307  395  273  346  346  322
  362  346  386  434  306  346  338  370  346  344  346  362  329  331
  323  378  563  418  330  314  281  346  210  506  355  338  722  330
  323  314  314  315  387  282  258  330  265  281  384  344  326  429
  357  317  338  380  365  378  420  348  540  349  324  341  348  388
  308  323  357  357  388  357  364  349  372  333  340  324  332  331
  329  797  484  516  380  329  320  391  329  360  352  417  399  430
  383  367  413  366  405  333  348  619  498  436  429  468  420  429
  461  330  381  421 1003  540  452  372  427  341  379  372  340  349
  388  324  308  340  434  348  322  346  354  345  303  460  420  353
  547  315  364  548  356  435  444  356  275  330  330  343  415  446
  380  476  429  364  371  324  331  364  354  356  452  377  404  661
 1130  389  386  355  307  332  362  324  323  372  332  372 1052  490
  546 1004  468  268  308  772  426  322  332  372  371  331  321  372
  420  348  404  436  340  340  291  310  268]","[1 1 1 1 1 1 1 1 1 1 0 1 1 0 1 1 1 1 1 1 1 1 1 1 1 1 1 1 0 1 1 1 0 0 1 1 1
 1 1 1 1 1 1 1 1 1 1 1 1 1 1 1 1 1 1 1 1 1 1 1 1 1 1 1 1 1 1 1 1 1 1 1 1 1
 0 1 1 1 1 1 1 0 1 1 1 1 1 1 1 1 1 1 0 1 1 1 1 0 1 1 1 1 1 1 1 1 1 1 1 1 1
 1 1 1 1 1 1 1 1 1 1 1 1 1 1 1 0 1 1 1 1 1 1 1 0 1 1 1 1 1 1 1 1 1 1 1 1 1
 1 1 1 1 1 1 1 1 1 1 1 1 1 1 1 1 1 1 1 1 1 1 1 0 1 1 1 1 1 1 1 0 1 1 1 1 1
 1 1 1 1 1 1 1 1 1 1 1 1 1 0 1 1 1 1 1 1 1 1 1 1 1 1 1 0 1 1 1 1 1 1 1 1 1
 1 1 1 0 1 1 1 1 1 1 1 1 0 1 1 1 1 1 1 1 1 1 1 1 1 1 1 1 1 1 1 1 0 1 1 1 1
 1 1 1 1 0 1 1 1 1 1 1 1 1 1 1 1 1 1 1 1 1 1 1 1 1 1 1 1 1 1 1 1 1 1 0 1 1
 1 1 1 1 1 1 1 1 1 1 1 1 1 1 1 0 1 1 1 1 1 1 1 1 1 1 0 1 1 1 1 1 1 1 1 1 1
 1 1 1 1 1 1 1 1 1 1 1 1 1 1 1 1 0 1 1 1 1 1 1 1 1 1 1 1 1 1 1 1 1 1 1 1 1
 1 0 1 1 1 1 1 1 1 1 1 1 1 1 1 1 1 1 1 1 1 1 1 1 1 1 1 1 1 1 1 1 1 1 1 1 1
 1 1 1 1 1 1 1 1 1 1 1 1 1 1 1 1 1 1 1 1 1 1 1 1 1 1 1 1 1 1 1 1 1 1 1 1 1
 1 1 1 1 1 1 1 1 1 1 1 1 1 1 1 1 1 1 1 1 1 1 1 1 1 1 1 1 1 1 1 1 1 1 1 1 1
 1 1 1 1 1 1 1 1 1 1 0]","[1 1 1 1 1 1 0 1 1 1 1 1 1 1 1 1 1 1 1 1 1 1 1 1 1 1 1 1 1 1 1 1 1 1 1 1 1
 1 1 1 1 1 1 1 1 1 1 1 1 1 1 1 1 1 1 1 1 1 1 1 1 1 1 1 1 1 1 1 1 1 1 1 1 1
 1 1 1 1 1 1 1 1 1 1 1 1 1 1 1 1 1 1 1 0 1 1 1 1 1 1 1 1 1 1 1 1 1 1 0 1 1
 1 0 1 1 1 1 1 1 1 1 1 1 0 1 1 1 1 0 1 1 1 1 1 1 1 1 1 1 0 1 0 1 1 0 1 1 1
 1 1 1 1 1 1 1 1 1 1 1 1 1 1 1 1 1 0 1 0 1 0 1 1 1 1 1 1 1 1 1 1 1 1 1 1 1
 1 1 1 1 1 1 1 1 1 1 1 1 1 1 1 1 1 1 1 1 1 1 1 1 1 1 1 1 1 1 0 1 1 1 1 1 1
 1 1 1 1 1 1 1 1 1 1 1 1 1 1 1 1 1 1 1 1 1 1 0 1 1 1 1 1 1 1 1 1 1 0 1 1 1
 1 1 1 1 1 1 1 1 1 1 1 1 1 1 0 1 1 1 1 1 1 1 1 1 1 1 0 1 0 1 1 1 1 1 1 1 1
 1 1 1 1 1 1 1 1 1 1 0 1 1 1 1 1 1 1 1 1 1 1 1 1 1 1 1 1 0 1 1 1 1 1 1 1 1
 1 1 1 1 1 1 1 1 1 1 1 1 1 1 1 0 1 1 1 1 1 1 1 1 1 1 1 1 1 1 1 1 1 1 1 1 1
 1 1 1 1 1 1 1 1 1 1 1 1 1 1 1 1 1 1 1 1 1 1 1 1 1 1 1 1 1 1 1 1 1 1 1 1 1
 1 1 1 1 1 1 1 1 1 1 1 1 1 1 1 1 1 1 1 1 1 1 1 1 1 1 1 1 1 1 1 1 1 1 1 1 1
 1 1 1 1 1 1 1 1 1 1 1 1 1 1 1 1 1 1 1 1 1 1 1 1 1 1 1 1 1 1 1 1 1 1 1 1 1
 1 1 1 1 1 1 1 1 1 1 1]","[1 1 1 1 1 1 1 1 1 1 1 1 1 1 1 1 1 1 1 1 1 1 1 1 1 1 1 1 1 1 1 1 1 1 1 1 1
 1 1 1 1 1 0 1 1 1 1 1 1 1 1 1 1 1 1 1 1 1 1 0 1 1 1 1 1 1 1 1 1 1 1 1 1 1
 1 1 1 1 1 1 1 1 1 1 1 1 1 1 1 1 1 1 1 1 1 1 1 1 1 1 1 1 1 1 1 1 1 1 1 1 0
 1 1 1 1 1 1 1 1 1 1 1 1 1 1 1 1 1 1 1 1 1 1 1 1 1 1 1 1 1 1 1 1 1 1 1 1 1
 1 1 1 1 1 1 1 1 1 1 1 1 0 1 1 1 1 1 1 1 1 1 1 1 1 1 1 1 1 1 1 1 1 1 1 1 0
 1 1 1 1 1 1 0 1 1 1 1 1 1 1 1 1 1 1 1 1 0 1 1 1 1 0 1 1 1 1 1 1 1 1 1 1 1
 1 1 1 1 1 1 1 0 1 1 1 1 1 1 1 1 0 1 1 1 1 1 1 1 1 1 1 1 1 1 1 1 1 1 1 1 1
 1 1 1 1 1 1 1 1 1 1 1 1 1 1 1 1 1 1 1 1 1 1 1 1 1 1 1 1 1 1 0 1 1 1 1 1 1
 1 1 1 1 1 1 1 1 1 1 1 1 1 1 1 1 1 1 1 1 1 1 1 1 1 1 1 1 1 1 1 1 1 1 1 1 1
 1 1 1 1 1 1 1 1 1 1 0 1 1 1 1 1 1 1 1 1 1 1 1 1 1 1 1 1 1 1 1 1 1 1 1 1 1
 1 1 1 1 1 1 1 1 1 1 1 1 1 1 0 1 1 1 1 0 1 1 1 1 1 1 1 1 1 1 1 1 1 1 0 1 1
 1 1 1 1 1 1 1 1 1 1 1 1 1 1 1 1 1 1 1 1 1 1 1 1 1 1 1 1 1 1 1 1 1 1 1 1 1
 1 1 1 1 1 1 1 1 1 1 1 1 1 1 1 1 1 1 1 1 1 1 1 1 1 1 1 1 1 1 1 1 1 1 1 1 1]","[1 1 1 1 0 1 1 1 1 1 1 1 1 1 1 1 0 1 1 1 1 1 1 1 1 1 1 1 1 1 1 0 1 1 1 1 1
 1 1 0 1 1 1 1 1 1 1 1 1 1 1 0 0 1 1 1 1 1 1 1 1 1 1 1 0 1 1 1 1 1 1 1 1 1
 1 1 1 1 1 1 1 1 1 0 1 1 1 1 1 1 1 1 1 1 1 1 1 1 0 1 1 1 1 1 1 1 1 1 1 1 1
 1 1 1 1 1 1 1 1 1 1 1 1 1 1 1 1 1 1 1 1 1 1 1 1 1 1 0 0 1 1 1 1 1 1 1 1 1
 1 1 1 1 1 1 1 1 1 1 1 1 1 1 1 1 1 1 1 1 1 1 1 1 1 1 1 1 1 1 1 1 1 1 1 1 0
 1 1 1 1 1 1 1 1 1 1 1 0 1 1 1 1 1 1 1 1 1 1 1 1 1 1 1 1 1 1 1 1 1 0 1 1 1
 1 1 1 1 1 1 1 1 1 1 1 1 1 1 1 0 0 1 1 1 1 1 1 0 1 1 0 1 1 0 1 1 1 1 1 1 1
 1 1 1 1 1 1 1 1 1 1 0 1 0 1 1 1 1 1 1 1 1 1 1 1 1 1 0 1 1 1 1 1 1 1 1 1 1
 1 1 1 1 0 1 1 1 1 1 1 1 1 1 1 1 1 1 1 1 1 0 1 0 0 1 1 1 1 1 1 1 1 1 1 1 1
 1 1 1 1 1 1 1 1 1 1 1 0 1 1 1 1 1 1 1 1 1 1 1 1 0 1 1 1 1 1 1 1 1 1 1 1 1
 1 1 1 0 1 1 1 1 1 1 1 1 1 1 1 1 1 0 1 1 1 1 1 1 1 1 1 1 1 1 1 1 1 1 1 1 1
 1 1 1 0 1 1 1 1 1 1 1 1 1 1 1 1 1 1 1 1 1 1 1 1 1 1 1 1 1 1 1 1 1 1 1 1 1
 1 1 1 1 1 1 1 1 1 1 1 1 1 1 0 1 1 1 1 1 1 1 1 1 1 1 1 1 1 1 1]","[1 1 1 1 1 1 1 1 1 1 1 1 1 1 1 1 1 1 1 1 1 1 1 1 1 1 1 1 1 1 1 1 1 1 1 1 1
 1 1 1 1 1 1 1 1 1 1 1 1 1 1 1 1 1 1 1 1 1 1 1 1 1 1 1 1 1 1 1 1 1 1 1 1 1
 1 1 1 1 1 1 1 1 1 1 1 1 1 0 1 1 1 1 1 1 1 1 1 1 1 1 1 0 1 1 1 1 1 1 1 1 1
 1 1 1 1 1 1 1 1 1 1 1 1 1 1 1 1 1 1 1 1 1 1 1 1 1 1 1 1 1 1 1 1 1 1 1 1 1
 1 1 1 0 1 1 1 1 1 1 1 1 1 1 1 1 1 1 1 1 1 1 1 1 1 1 1 1 1 1 1 1 1 1 1 1 1
 1 1 1 1 1 1 1 1 1 1 1 1 1 1 0 1 1 1 1 1 1 1 1 1 1 1 1 1 1 1 1 1 1 1 1 1 1
 1 1 1 1 1 1 1 1 1 1 1 1 1 1 1 1 1 1 1 1 1 1 1 1 1 1 1 1 1 1 1 1 1 1 1 1 1
 1 1 1 1 1 1 1 1 1 1 1 1 0 1 1 1 1 1 1 1 1 1 1 1 1 1 1 1 1 1 1 1 1 1 1 1 1
 1 1 1 1 1 1 1 1 1 1 1 1 0 1 1 1 1 1 1 1 1 1 1 1 1 0 1 1 1 1 1 1 1 1 1 1 1
 1 1 1 1 1 1 1 1 1 1 1 1 1 1 1 1 1 1 1 1 0 1 1 0 1 1 1 1 1 1 1 1 1 1 1 1 1
 1 1 1 1 1 1 1 1 1 1 1 1 1 1 1 1 1 1 1 1 1 1 1 1 1 1 1 1 1 1 1 1 0 1 1 1 1
 0 1 1 1 1 1 1 1 1 1 1 1 1 1 1 1 1 1 1 1 1 1 1 1 1 1 1 1 1 1 1 1 1 1 1 1 1
 1 1 1 1 1 1 1 1 1 1 1 1 1 1 1 1 1 1 1 1 1 1 1 0 1 1 1 1 1 1 1 1 1 1 1 1 1
 1 1 1 1 1 1 1 1 1 1 1 1 1 1 1 1 1 1 1 1 1 1 1 1 1 1 1 1]","[1 1 1 1 1 1 1 1 1 1 1 1 1 1 1 1 1 1 0 1 1 1 1 1 1 1 1 1 1 1 1 1 1 1 1 1 1
 1 1 1 1 1 1 1 1 1 1 1 1 1 1 1 1 1 1 1 1 1 1 1 1 1 1 1 1 1 1 1 1 1 1 1 1 1
 1 1 1 1 1 1 1 1 1 1 1 1 1 1 1 1 1 1 1 1 1 1 1 1 1 1 1 1 1 1 1 1 1 1 1 0 1
 1 1 1 1 1 1 1 1 1 1 1 1 0 1 1 1 1 1 1 1 1 1 1 1 0 1 1 1 1 1 1 1 1 1 1 1 1
 1 1 1 1 1 1 1 1 1 0 1 1 1 1 1 1 1 1 1 1 1 1 1 1 1 1 1 1 1 1 1 1 1 1 1 1 1
 1 1 1 1 1 1 1 1 1 1 1 1 1 1 1 1 1 1 1 1 1 1 1 1 1 1 1 1 1 1 1 1 1 1 1 1 1
 1 1 1 1 1 1 0 1 1 1 1 1 1 1 1 1 1 1 1 1 1 1 0 1 1 1 1 1 1 1 1 1 1 1 1 1 1
 1 1 1 1 1 1 1 1 1 1 1 1 1 1 1 1 1 1 1 1 1 1 1 1 1 1 1 1 1 1 1 1 1 1 1 1 1
 1 1 1 1 1 1 1 1 1 1 1 1 1 1 1 1 1 1 1 1 1 1 1 1 1 1 1 1 1 1 1 1 1 1 1 1 1
 1 1 1 1 1 1 1 1 1 1 1 1 1 1 1 1 0 1 1 1 1 1 1 1 1 1 1 1 1 1 1 1 1 1 1 1 1
 1 1 1 1 1 1 1 1 1 1 1 1 1 1 1 1 1 1 1 1 1 1 1 1 1 1 1 1 1 1 1 1 1 1 1 1 1
 1 1 1 1 1 1 1 1 1 1 1 1 1 1 1 1 1 1 1 1 1 1 1 1 1 1 1 1 1 1 1 1 1 1 1 1 1
 1 1 1 1 1 1 1 1 1 1 1 1 1 1 1 1 1 1 1 1 1 1 1 1 1 0 1 1 1 1 1 1 1 1 1 1 1
 1 1 1 1 1 1 1 1 1 1 1 1 1 1 1 1 1 1 1 1 1 1 1 1 1 1 1 1 1 1 1 1 1 1 1 1 1
 1 1 1]","[1 1 1 1 1 1 1 1 1 1 1 1 1 1 1 1 1 1 1 1 1 1 1 1 1 1 1 1 1 1 1 1 1 1 1 1 1
 1 1 1 1 1 1 1 1 1 1 1 1 1 1 1 1 1 1 1 1 1 1 1 1 1 1 1 1 1 1 1 1 1 1 1 1 1
 1 1 1 1 1 1 1 1 1 1 1 1 1 1 1 1 1 1 1 1 1 1 1 1 1 1 1 1 1 1 1 1 1 1 1 1 1
 1 1 1 1 1 1 1 1 1 1 1 1 1 1 1 1 1 1 1 1 1 1 1 1 1 1 1 1 1 1 1 1 1 1 1 1 1
 1 1 1 1 1 1 1 1 1 1 1 1 1 1 1 1 1 1 1 1 1 1 1 1 0 1 1 1 1 1 1 1 1 1 1 1 1
 1 1 1 1 0 1 1 1 1 1 1 1 1 1 1 1 1 1 1 1 1 1 1 1 1 1 1 1 1 1 1 1 1 1 1 1 1
 1 1 1 1 1 1 1 1 1 1 1 1 1 1 1 1 1 1 1 1 1 1 1 1 1 1 1 1 1 1 1 1 1 1 1 0 1
 1 1 1 1 1 1 1 1 1 1 1 1 1 1 1 1 1 1 0 1 1 1 1 1 1 1 1 1 1 1 1 1 1 1 1 1 1
 1 1 1 1 1 1 1 1 1 1 1 1 1 1 1 1 1 1 1 1 1 1 1 1 1 1 1 1 1 1 1 1 1 1 1 1 1
 1 1 1 1 1 1 1 1 1 1 1 1 1 1 1 1 1 1 1 1 1 1 1 1 1 1 1 1 1 1 1 1 1 1 1 1 1
 1 1 1 1 1 1 1 1 1 1 1 1 1 0 1 1 1 1 1 1 1 1 1 1 1 1 1 1 1 1 1 1 1 1 1 1 1
 1 1 1 1 1 1 1 1 1 1 1 1 1 1 1 1 1 1 1 1 1 0 1 1 1 1 1 1 1 1 1 1 1 1 1 1 1
 1 1 1 1 1 1 1 1 1 1 1 1 1 1 1 1 1 1 1 1 1 1 1 1 1 1 1 1 1 1 1 1 1 1 1 1 1
 1 1 1 1 1 1 1 1 1 1 1]","[1 1 1 1 1 1 1 1 1 1 1 1 1 1 1 1 1 1 1 1 1 1 1 1 1 1 1 1 1 1 1 1 1 1 1 1 1
 1 1 1 1 1 1 1 1 1 1 1 1 1 1 1 1 1 1 1 1 1 1 1 0 1 1 1 1 1 1 1 1 1 1 1 1 1
 1 1 1 1 1 1 1 1 1 1 1 1 1 1 1 1 1 1 1 1 1 1 1 1 1 1 1 1 1 1 1 1 1 1 1 1 1
 1 1 1 1 1 1 1 1 1 1 1 1 1 1 1 1 1 1 1 1 1 1 1 1 1 1 1 1 1 1 1 1 1 1 1 1 1
 1 1 1 1 1 1 1 1 1 1 1 1 1 1 1 1 1 1 1 1 1 1 1 1 1 1 1 1 1 1 1 1 1 1 1 1 1
 1 1 1 1 1 1 1 1 1 1 1 1 1 1 1 1 1 1 1 1 1 1 1 1 1 1 1 1 1 1 1 1 1 1 1 1 1
 1 1 1 1 1 1 1 1 1 1 1 1 1 1 1 1 1 1 1 1 1 1 1 1 1 1 1 1 1 1 1 1 1 1 1 1 1
 1 1 1 1 1 1 1 1 1 1 1 1 1 1 1 1 1 1 1 1 1 1 1 1 1 1 1 1 1 1 1 1 1 1 1 1 1
 1 1 1 1 1 1 1 1 1 1 1 1 1 1 1 1 1 1 1 1 1 1 1 1 1 1 1 1 1 1 1 1 1 1 1 1 1
 1 1 1 1 1 1 1 1 1 1 1 1 1 1 1 1 1 1 1 1 1 1 1 1 1 1 1 1 1 1 1 1 1 1 1 1 1
 1 1 0 1 1 1 1 1 1 1 1 1 1 1 1 1 1 1 1 1 1 1 1 1 1 1 1 1 1 1 1 1 1 1 1 1 1
 1 1 1 1 1 1 1 1 1 1 1 1 1 1 1 1 1 1 1 1 1 1 1 1 1 1 1 1 1 1 1 1 1 1 1 1 1
 1 1 1 1 1 1 1 1 1 1 1 1 1 1 1 1 1 1 1 1 1 1 1 1 1 1 1 1 1 1 1 1 1 1 1 1 1
 1 1 1 1 1 1 1 1 1 1 1 1 1 1 1 1 1 1 1 1 1 1 1 1 1 1 1 1 1 1 1 1 1 1 1 1 1
 1 1 1 1 1 1 1 1 1]","(np.float64(3.0076609420879565), np.float64(284.4247322098197), np.float64(32.315222597154985))","(np.float64(3.5977521017269054), np.float64(283.0356477846873), np.float64(29.099290376291947))","(np.float64(3.134956950687269), np.float64(290.7028916078639), np.float64(31.38965821867592))","(np.float64(4.106835146967805), np.float64(290.6882637067229), np.float64(25.21961087720446))","(np.float64(3.585905299242361), np.float64(297.5991644659157), np.float64(26.885999981301545))","(np.float64(2.4021330974800565), np.float64(297.7298109484617), np.float64(30.615596586260793))","(np.float64(5.559056552762341), np.float64(279.30509145881257), np.float64(24.132930109538357))","(np.float64(3.1850090319724913), np.float64(291.6683495592291), np.float64(26.428815097173533))","[np.float64(4.096623005646779), np.float64(0.5893863492123129), np.float64(-0.2825432004257177), np.float64(0.19999999999999998)]","[np.float64(3.7408510733343263), np.float64(0.5939908213869501), np.float64(-0.21961582760788026), np.float64(0.19999999999999998)]","[np.float64(4.330896254542108), np.float64(0.6331512866368418), np.float64(-0.2825080670074605), np.float64(0.19999999999999998)]","[np.float64(3.9199088047274104), np.float64(0.5946633002881737), np.float64(-0.3484624663202537), np.float64(0.19999999999999998)]","[np.float64(4.3141859878231354), np.float64(0.664351320318681), np.float64(-0.2695596424888627), np.float64(0.19999999999999998)]","[np.float64(5.445095327365325), np.float64(0.7960186076432616), np.float64(-0.20250536268459327), np.float64(0.19999999999999998)]","[np.float64(4.353873533076248), np.float64(0.7901514876124184), np.float64(-0.07335467788862529), np.float64(0.19999999999999998)]","[np.float64(5.604870550349853), np.float64(0.9519747259493349), np.float64(-0.02581059305787865), np.float64(0.19999999999999998)]","[[0.         0.00385603 0.00965746 0.04289082 0.06661898 0.05257801
  0.05738557 0.03626645]
 [0.00384984 0.         0.00584491 0.02443727 0.04857858 0.06683618
  0.03326044 0.03686638]
 [0.0089422  0.00576751 0.         0.01166311 0.0225065  0.04688274
  0.04128525 0.02459911]
 [0.02994702 0.01894098 0.0091378  0.         0.00626497 0.06196542
  0.03730566 0.02843974]
 [0.04633864 0.03808934 0.01747811 0.00619573 0.         0.05287365
  0.06383547 0.03023693]
 [0.04442657 0.0540947  0.03844316 0.04805055 0.04582293 0.
  0.13577976 0.00731528]
 [0.06715069 0.03875772 0.05075833 0.0430255  0.07587558 0.21161854
  0.         0.13352019]
 [0.02901136 0.03193588 0.02249839 0.02467233 0.02988989 0.00775996
  0.09585569 0.        ]]","[[1.         0.98000548 0.96012885 0.94431038 0.91811227 0.90518543
  0.90583663 0.93038143]
 [0.98000548 1.         0.96310679 0.95319288 0.92137218 0.89548359
  0.92485616 0.92099176]
 [0.96012885 0.96310679 1.         0.97396984 0.95641585 0.91556887
  0.91560334 0.9327154 ]
 [0.94431038 0.95319288 0.97396984 1.         0.96276334 0.9112591
  0.91226163 0.93158416]
 [0.91811227 0.92137218 0.95641585 0.96276334 1.         0.91198913
  0.88174706 0.92274313]
 [0.90518543 0.89548359 0.91556887 0.9112591  0.91198913 1.
  0.84025517 0.96325677]
 [0.90583663 0.92485616 0.91560334 0.91226163 0.88174706 0.84025517
  1.         0.86363877]
 [0.93038143 0.92099176 0.9327154  0.93158416 0.92274313 0.96325677
  0.86363877 1.        ]]","[[1.         0.9999407  0.99998447 0.99964021 0.99973368 0.9999401
  0.99959376 0.99974085]
 [0.9999407  1.         0.9999851  0.99987244 0.99992351 0.99998934
  0.99984202 0.99992541]
 [0.99998447 0.9999851  1.         0.9997735  0.99984672 0.9999834
  0.99973022 0.99985216]
 [0.99964021 0.99987244 0.9997735  1.         0.99999152 0.99985487
  0.99998339 0.99998757]
 [0.99973368 0.99992351 0.99984672 0.99999152 1.         0.99991558
  0.99996173 0.99999933]
 [0.9999401  0.99998934 0.9999834  0.99985487 0.99991558 1.
  0.99979787 0.99992269]
 [0.99959376 0.99984202 0.99973022 0.99998339 0.99996173 0.99979787
  1.         0.99995121]
 [0.99974085 0.99992541 0.99985216 0.99998757 0.99999933 0.99992269
  0.99995121 1.        ]]","[[ 0.          3.55246156  6.34729542  9.52825883 14.26101294 13.42685789
   9.98349895  9.33548274]
 [ 3.55246156  0.          8.01539719  8.5949758  14.7307438  14.82049663
   6.51371629  9.04573573]
 [ 6.34729542  8.01539719  0.          6.24613844  8.24893152  7.10730593
  13.72757116  5.0541645 ]
 [ 9.52825883  8.5949758   6.24613844  0.          7.12802707  9.03360716
  11.52677026  1.80900705]
 [14.26101294 14.7307438   8.24893152  7.12802707  0.          3.91513422
  18.60499467  5.96190417]
 [13.42685789 14.82049663  7.10730593  9.03360716  3.91513422  0.
  19.78538396  7.40832965]
 [ 9.98349895  6.51371629 13.72757116 11.52677026 18.60499467 19.78538396
   0.         12.7967707 ]
 [ 9.33548274  9.04573573  5.0541645   1.80900705  5.96190417  7.40832965
  12.7967707   0.        ]]","[[1.         0.99983198 0.99998718 0.99977908 0.99992725 0.99943562
  0.99800016 0.99757583]
 [0.99983198 1.         0.99987825 0.99953199 0.99995781 0.99956789
  0.99887726 0.99836775]
 [0.99998718 0.99987825 1.         0.99970612 0.99996723 0.99957487
  0.99826845 0.99788922]
 [0.99977908 0.99953199 0.99970612 1.         0.99965044 0.99859715
  0.9970502  0.99628494]
 [0.99992725 0.99995781 0.99996723 0.99965044 1.         0.99961758
  0.99862918 0.99819648]
 [0.99943562 0.99956789 0.99957487 0.99859715 0.99961758 1.
  0.99916796 0.99921445]
 [0.99800016 0.99887726 0.99826845 0.9970502  0.99862918 0.99916796
  1.         0.99981415]
 [0.99757583 0.99836775 0.99788922 0.99628494 0.99819648 0.99921445
  0.99981415 1.        ]]","[[0.         0.36132357 0.23832609 0.18868255 0.23048204 1.36655792
  0.38761361 1.57232077]
 [0.36132357 0.         0.59467831 0.22059823 0.57979126 1.71626236
  0.66005141 1.90795219]
 [0.23832609 0.59467831 0.         0.41802152 0.03768736 1.1288781
  0.2625303  1.33811527]
 [0.18868255 0.22059823 0.41802152 0.         0.40808893 1.54532889
  0.54975023 1.7523903 ]
 [0.23048204 0.57979126 0.03768736 0.40808893 0.         1.14052115
  0.23642583 1.34462168]
 [1.36655792 1.71626236 1.1288781  1.54532889 1.14052115 0.
  1.09885364 0.28473053]
 [0.38761361 0.66005141 0.2625303  0.54975023 0.23642583 1.09885364
  0.         1.26231563]
 [1.57232077 1.90795219 1.33811527 1.7523903  1.34462168 0.28473053
  1.26231563 0.        ]]"
2,2,"[ 1870   486   422   590   383   519   422   406   462   478   470   436
   404   397   365   389   717   549   468   470   323   470   477   508
   446   669   516   453   437   493   484   470   445   461   372   477
   829   477   420   494   524   509   644   526   468   790   549   429
   476   453   404   427   430   414   470   897   624   430   438   386
   693   418   589   577   354   318   362   462   318   351   326   753
   422   525   370   402   486   406   533   510   397   582   370   462
   310   390   398   358   605   350   378   358   402   514   565   350
   365   462   354   413   428   435   326   527   318   323   342   383
   398   370   338   314   374   266   474   314   358   394   326   332
   421   410   327   365   358   382   386   350   352   677   398   474
   314   374   370   585   397   358   342   346   733   378   414   493
   310   322   363   370   390   418   402   398   390   346   370   442
   374   354   350  1108   433   410   505   302   617   394   343   384
   409   400   567   287   400   311   624   327   591   550   407   407
   375   375   543   510   390   478   374   407   398   383   360   431
   406   455   366   343   359   327   359   327   598   383   471   566
   382   382   350   349   358   359   398   495   383   343   381   350
   326  1295   342   423   391   367   431   416   335   423   576   431
   432   360   328   352   375   415   358   391   439   335   351   407
   687   606   359   399   438   374   430   399   391   303   286   327
   391   374  2038   542   551   383   407   383   382   479   391   375
   375   647   358   439   527   407   327   391   367   343   374   335
   399   359   446   462   391   326   391   391   486   398   455   687
  1913   344   671   328   351   343   360   935 13159  9614   343   503
   303   631   382   414   382   503   495   407   318   327   358   335
   287   382   407   399   366   390   479   357   527   390   351   423
   374   415   390   383   391   375   351   375   439   319   398   326
   391   359   375   359   383   315   359   403   347   338   386   733
   374   362   474   397   306   322   358   378   362   377   553   374
   394   422   386   378   394   374   521   466  4255   382   422   326
   398   465   366   414   422   434   458   434   374   362   493   816
   533   326   330   382   294   304   484   391   278   315   400   315
   416   418   390   322   370   537   314   347   365   441   549   361
   437   346   393   334   341   370   390  1032   354   481   732   493
   382   386   366   394   529   329   372   358  1036   374   461   402
   389   342   394   477   370   860   817   332   380   382   366   326
   350   414   397   741   365   322   430   561   490   405   405   314
   374   366   461   397   434   334   402   350   386   365   310   306
   374   378   441   426   389  1630   836   333   553   370   477   429
   338   430   338   421   386   473   493   342   367   379   387   343
   351   282   314   365   370   337   373   381   373   413   333   374
   365   373   453   377   349   549   357   389   353   349   652   405
   325   361   341   421   361   413   294   341   361   329   810   381
   640   333   456   907   484   326   677   325   337   333   624   697
   489   325   369   341   397   317   385   401   369]","[  428   635   978   435   450   465   458   418   394   385   435   395
   355   499   923   522   368   793   418   417   450   474   473   546
   371   451   491   417   427   442   394   794   467   450   419   498
   770   569   370   434   378   500   354   433   531  1276   315   378
  3518   468   315   378   438   390   290   366   350   593   346   378
   394   390   378   354   422   370   561   490   382   501   453   434
   409   389   338   374   513   374   534   589  1834   434   378   413
   573   370   358   813   346   720   761   346   318   330   299   310
   430   318   366   337   354   390   298   322   497   398   354   330
   538   695   413   406   410   593   385   426   358   609   322   362
   410   362   303   378   516   422   378   613   325   418   864   649
