,pid,rt_n03_tpre,rt_n06_tpre,rt_n12_tpre,rt_n18_tpre,rt_n03_tabs,rt_n06_tabs,rt_n12_tabs,rt_n18_tabs,cor_n03_tpre,cor_n06_tpre,cor_n12_tpre,cor_n18_tpre,cor_n03_tabs,cor_n06_tabs,cor_n12_tabs,cor_n18_tabs,exg_params_n03_tpre,exg_params_n06_tpre,exg_params_n12_tpre,exg_params_n18_tpre,exg_params_n03_tabs,exg_params_n06_tabs,exg_params_n12_tabs,exg_params_n18_tabs,ddm_params_n03_tpre,ddm_params_n06_tpre,ddm_params_n12_tpre,ddm_params_n18_tpre,ddm_params_n03_tabs,ddm_params_n06_tabs,ddm_params_n12_tabs,ddm_params_n18_tabs,RE_all_exg,OI_all_exg,CS_all_exg,ED_all_exg,CS_all_ddm,ED_all_ddm
1,1,"[ 639  417  480  486  447  519  479  422  431  528  695  775  648  471
  447  455  567  432  456  679  648  535  543  447  839  616  607 1279
  607  871  991  687 1079  455  439  687  407  663  737  496  457  408
  640  671  479  519  839  559  591  511  879  383  456  407  488  687
  432  503  375  431  615  471  368  447  399  528  423  519  447  455
  407  567  831  712  423  495  367  504  375  521  424  513  417  455
  392  672  472  447  782  911  518  615  792  480  423  422  784  743
  375  375  439  360  431  599  447 1007  487  678  400  406  535  623
  624  455  632  463  391  656  753 1175  903  447  527  544  743  504
  583  455  655  559  855  591  720  423  432  511  438  799  727  551
  615  551  751  431  479  647  767  815  943  984  495  679 3927  535
  655  807  399  592  601  456  544  696  599  551  375  615  655  888
  423  527  960  823  520  615  551  687  455  495  782  471  495  815
  703  407  519  383  383  735  471  888  487  511  425  465  735  472
  457  409  520  504  624  448  487  440  711  744  552  456  536  438
  456  391  776  488  839  488  560  656  648  520  488  608  520  518
  528  456  657  521  433  448  880  504  575  584  560  480  592  752
  783  679  792  512  504  542  808  648  472  704  880  472  568  848
  480  592  496 1023  552  544  657  552  761  801  761  432  456  729
  495  528  496  528  528  584  648  680  496  583  535  768  520  695
  568  536  504  680  704 1047  576  664 1032  456  582  704  552  442
  401  807  368  488  864  520  583  560  423  576  433  448  448  568
  479  888  536  784  432  407  624  654  495  504  392  496  760  433
  553  872  432  865  512  487  424  599  816  487  719  623  504  663
  840  696  480  535  672  815  616  975  607  736  816  744  615  567
  832  879  566  736  695  719  496  528  517  809  522  485  710  548
  486  462  688  606  497  452  643  643  450  417  600  473  609  418
  439  631  393  745  429  551  543  584  605  474  444  631  506  381
  424  430  415  435  675  551  803  688  765  777  640  492  666  531
  632  686  463  687  765  665  564  362  440  429  442  497  485  474
  474  486  922  766  553  407  609  474  452  662  609  721  418  519
  576  721  407  620  610  398  734  778  497  822  662  407  497  474
  384  430  452  519 1079  620 1482 1168  452  777  721  754  631  508
  664  855  463  620  597  586  531  631  542  452  507  575  455  600
  846  353  497  553  608  654  407  800]","[ 598  407 1014 1055  903  662  454  492  421  612  453  685  724  468
  788  661  981  477  860  693  445  693  661  749  533  869 1653  780
 1060  853 1332  596  653 1236 1044  637  532 1189 1204 1045  717 1125
  796  676 1076  436  597 1164 1109 1607  671 1183  934 1142  517  956
  461  557  517  845  493  612  525  781  828  468 1205  589 1301  844
  749  772  453  596  597  460  837  621  972  477  508  828  605 1077
 1812  629 1101  580  997  453  501  757  429  613  614  390  782 1125
 1644  652  525 1149  549 1085 1269 1013  685  573  653  685  413  861
  485 1765  413  965 1284  429  477 1284  789  365  661  637  644 1005
  589 1132  509  861 1605 1029 1060  949  509  596  444 1637  564  421
  677 1389  845  647 1527  766 1134  749  493  612  933  893  996  957
  556  989  637  549  829  901  620 1725  533 1165  460  725  877  661
  532  525 1436  757  725  605 1541 1260  476  453  620 1276 1013  869
 1101  508  848  878 1038  543  526  533  861  733  797  853  917  652
 1109  724  452 1165 1069  965  805  924  693  468  485  845  612  516
  836  988  717  908  540  468  460 1197 1059  540 1205  780  661  941
  693 1117 1060  717 1037  597  597  599  982  407  781  502  686  429
  981  645  630  669  462 1365  430  613  525 1102  701  620  453  541
  516  445  741  622  974  685  486  813  507  854 1061  750  591  935
  590  734  766  557  765  861  653 1086 1174  724  885 1142  957 1261
  510  885  486  533  845  708  861 1045 1069  581 1006  862  517  765
  973 1102  669  573  565  685  525 1056 1559  743  479  959  766  670
  774  566  861  997  934 1606  596  685  622  974  525 1029  749  541
  502 1166  693  933  581 5645  982  550  574  621  501  516 1725  445
  445  893 1149 1637  525  725  709  518  550  518 1293 1397  605  391
  543 1950  861  517 1254  757  549  502 1102  670  974  510  902  525
  901  638  693  757  598  933  436  565  845  501  694  589  582  582
  718  589  838 1365  438  661  677  813  813  940  645  542  469  693
  469  604  589  663  431  455  583  453  798 1294  526  470  941  596
  997  493  717  669  557 1165  877  965 1149  765  484  838  949  709
 1028  813  781  541  469  541 1197 1093  909 1221  732  837  893  901
  749 1125  597  572  613  794  479  781  728  491 1048  842 1021  545
  413  625  425  761  491  527 1082  448  726 1078  682  560 1007 1516
 1392  818  899  457  413  513  956 1424  492  518  717  561  506  538
  885  471  785  504  818  515  559  672  538  392 1064  482  437 1087
  661  582  650  458  605  851  527  851  515 1030  683 1221 3449  888
 1089  686  460  405  438  751  739  940  650  504 1109  728  526  437
  817  997  986  840  727  459  672  896  683  446  694 1187  661  628
 1400  559  884  706 1008  516  751  761  470  638  538  817  708  428
  561  516  819  953  829  928  504  683  582  470  717  560]","[ 955 1409  936  511 1183  471 1736  568  920 1343 1312 1255 2527  863
  807 1711 1904 2072 2023 1343  751 1399 2183 1583 2439 1447 1239 1192
  888  864  462  511 1351 1786  994  705  473 1016 1166  489  767 1367
  960 1919 1967 1247 1080  991  407  624 1663  599  455  968 1399  488
 1183  711  952 1231 1879 1071  607 1419  930 2865  568 1448  880  752
 1951 1623 1224  535  416 1584  423 1567 1455 2272 1136 1392  847  535
  583  568  486  919  895 1855  943 1192  904 1313 1161  968  928 1239
  535 1087  927 1207  735 1807 1191  511 1279 1031 1263  984 2240  591
 1272 1087  968  616 1223 1727 1615 1719 1599 1568  999  479 1311 1544
  463  586  954  634 2023  663 1135 2280  584  487 1879  575 1416 1488
 1135 1855 1024 1439 1855  888 1712 1127  520 1775  888 1160  455 1359
  519 1103  999  559  527  615 1611  771  475 1122 1426  466  928  808
  632 1080  832 1272  504 1072  456 1320 1696 1768  520  536 1376 2136
  808 1456  752 1392 1616  608 1536  600 1496  736 1091  955  995  713
 1568 1048  760  456  768  776  624  664  544  960 1904  832 1417  720
 1800  528 1025 1719 1912  672  616 1103  696 1832  696  512 1457 1312
 1256  824 1068  988  875 2178  498  818 1577  912 1832  633 1960  655
  712 1441  736 2024  544 1135  640 1144 1864 1008 1344 1161  992 1536
 1377 1935 1113 1224 1968 1128  568  624 1016  567  552  872 1472  675
  547 1467  418 1755  698 1594 1296 1593  848  784  944  833 1504 1337
 1768 1328  672 1176  480 1816  543 1008  472  488  495  889  928 1008
  880 1280 1496  608  808 2208 1016 1544 1280 1047 1883  585  840  744
  616  536  648 1295 1624 1368  600  800 1542 1239  631  495 1080 1216
  736  696 1016  543  496  784  463  720  992 1784 1392  488 1138  518
  789 1718  621 1000  674 1609  830  550 1047  965 1442  865  575 1439
  416  757  450  528  471 1042  529  911  460  482 2178 1359 1305 1372
 1494 1472  631 1011  697  827 1271  979 1695  530  832  686  676  597
 1493  653  407 1034  910  406  451 1762 1223  630  496  417 1493  809
 1168  564 1773  440  496  955 1291 1472  507 1279  922  743  563  508
  545  466  914  980  720 2053  630  877  507  552 1470  854 1179  753
  685 1459  563 1257  574  854  720  753  865 1425  966  641  530  698
  709  966  999 1207  533 1350  566  734  923  428 1023 1527  440 1403
 1157  640 1101 1470 1213]","[ 814 1948 1962 1450 1162 1795 1298  634 2170 2434  650 3258 3010  874
 1946  570  898 1123  666 2123  962 2274  674 1890 2162 1465  678 2214
 1494  549  749 1076 2004  554 1738 1722 1050 2234 1826  722  698  913
 1618  691  882  754 1795 1274  675  625 1986 2714  994 1290  498  506
 1643 1322  922 1786  571 1146 1466 2127 1717 1757 2684 1771 1250 2747
  610 2666 1706  802 2002  578 2138 1610 1442 1418  738  819  747 1218
 1123  802 1563 1819  682 1018 1858  987 4058 1290  990 1807 2670 1421
 1284  556 2460  898  970 1419 1155 1338  626 1402 1162 1683  866 1346
 1418 2251  770 1218 1634  473 1562 1554  794  506 1554 2251 1666 2322
  818 2162 1922  529  470 2141 1045  811 2890  882 1746  706  643 1435
  458  658 1746  890 2203  970 1307  594 1018  562 1562 1226 1994 1586
  834 1746 1650 1048 1270  589  852  413 1932  780  691 1434 1515 1259
  594 1235 1987  539  539 1323  651 1371  587  579 1075 1163  659 1275
  947  867  579  843 1538 1099  963 1682 2643 2507 1019  491 1419 2027
  724 1058 1379 1251 1075 2000 1631  917  812 1700 1611 1171 1220  635
 1107 1011 1587 1435 1699  554 2459 1419  611  914 1131  850 1363 1298
  730  539  587  779 2330 1051 2243  627 1586 1131  827 2251  763 1043
  763  699 2147 1353 1062  548 1709  564  859 1875 1251  659  867 1098
 1010  835  931 2283 1227  715 1243  747  987  611 1131  683 1691 1122
 1571 1131  675  771 1715  955  619  475  995  683 1683  939 1075 1235
 1119 2261 1093 1012 2204 1428  714  483 1179 1003 1059 1298  555  876
 1307 1675 2139  571  931  859 1579 1379 1443  787 1091 1347 1298 1115
  811 1427 1190  892  971 2483  995 1571  522 1705 1083 2490  563  850
  803  683 1443 1699 1467 1443 1858  459  802 1283 1531 1146 1331 2186
  794 1579  770 1178 1515  930  627 1482 1491 1569  817 1107  579 2270
 1459  914  857 1392  757 1002 1657 1971 1195  510  611 1477  756  577
 1206 1338  521 1146  486 1315 1537 1533  556 3025  848 1564 1791 2172
 2578  574 1478  940  959  924  935  891 1149  712  478 1160  465  588
 1541  466  442  734  511  779  432 1586 1294 1384 1070  578  969  846
  701  723  913 1261  667  578 1272 2459 1317 1216 1283  555  556  970
 1474  823 1754 1093 1451 1608 1923 1647  795  717  961 1229  452 1170
  712 1115 1249 1631 2280  700 1104  813  476  409 1540 1003 1395 1652
 1854 2405  667 1586  723  968 1675  612  754 3019 1877 1238  477  576
  466 1271  486  434 1552 1328  600  712  667 2045]","[ 881  752  672  576  904 1208  487  639  872  791  616  823  623  616
  591  591  648  583  919  680  575  783  983  806  879  719  712  727
  743  735  887  551  567  615  559  968  719  783  567  736  799  503
  744  487 1167  599  488  479  639  871  809  793  744  591  616  544
  751  647  759  504  839  775  782  551  791  455  800  631  743  583
 1215  768  559 1015  591  535  527  527  647  520  766  560  703  551
  735  711  798  679  775  672  647  599  561  680  880  633  936  976
  944  679  663  727  807  863 1071  776  711  519  551  695  432  703
  902  615 1103  471  807  663  847  815  527  736  823  799 1967  799
  648  823  489  896 1096 1464  897  496  664  968  800  767  566  983
  608  711  543  663  743  631  679  807  839  799  760  551  607  735
  615  623  655  663  975  799  920  759  583  855  967  479  815  793
  776  784  592  912  671  696  631  560  759  575  839  672 1159  792
  591  887  536  486  631  560  735  719 1008  576  927  935  671  558
  959  519  639  632  728  823  863  727  879  664  927  936  658  554
  593  552  553  584  768  784  608  584  823 1672  521  654  536  512
  544  888  528  584  560  496  608  616  552  544  583  704  592  696
  527  656  736  887  784  720 1096  808  688  760  671  720  712  920
  591  680  825  753  577  529  537  649  777  943  544  774  944  576
  848  896  904  784  528  840 1095  719  760  920  784  696  736  928
  785  568  919 1024  952  519  816  760 1032  648  504  568  754  817
  753 1105  745  745  568  688  752 1040  576  640  592  649  680  640
  872  600  560  768  736  584  864  856  672  640  880  584 1031  760
  695 1160  488  792  856  816  791  544  888  529  506  545  656  608
  753  672 1808  888 1424  664  784  648  504  488  439  671  448  712
  560  536  504  504  744  568  591  576  488  775  663  695  656  760
  880  704  593  464  552  624  704  808  897  633  568  544  696  776
  784  792  584  904  647  631  704  720  856  680  559  703  760  711
  584  639  800  814  751  727  743  864  615  552  607  576  855  530
  541  519  519  686  481  484  695  621  641  898  573  642  534  516
  463  597  732  866  945  685  463  832  742  486  540  922  788  529
  709  711  527  654  494  722  742  877  887  665  594  599  766  686
  511  454  454  477  520  688  542 1136  643  799  789  698  542  443
  520  643  531  786  542  541  473  687  631  766  553  564  744  698
  675  799  553  464  709  732  698 1135  676  698  710  721  721  699
  644  655  711  453  452  521  508  520  721  584  565  676  463  530
  497  810  710  676  654  508  833  452  475  575  575  620  586  586
  855  677  676  732  878  912  743  764  519  675  572  667  599  521
  476  487  565  542  709  900  553  855  497]","[1351 1102  950 1318 1182 1277  893 1078 1549 1309  973 1301 1004 1309
  956  933 1685  997 1573 1044 1197 1053 1268 1516 1332 1829 1189 1645
 1509 1420 1556 1244 1165 1301 1501 1213 1301  828 1533 1004  868 1325
 1421 1421 1262 1239 1262  822 1013 1413 1077 1796 1821 1605 1108 1773
 1493 1333  948 1149 1333 1005 1011  893  933 1093 1637  957 1077  764
 1036  925 1925 1117  853 1221  821 1141  861 1237 1605  981  765 1101
 1647 1614 2101  925 1349 1469 1133 1732 1789 1428 1325 1916 2477 1885
 1428 1069 1077 1140 1045  765 1436 1253 1245 1820 1012 1141 1020  973
  972  517 1140 1069  965 1244 1773 1604 1117 1421  909 1556 1101  996
 1092 1189 1237 1101 1485 1265 2030 2806 1118 1214 1308 1180 1701 1252
 1205  997 1293 1069 1412 1653 2013 2869 1381 1117  804 1092  845 1212
 1084 1197  981  541 1141  917 1069  741 1348 1253 1181  950  975  935
 1390 1542 1605  662 1318 1222 1277 2012 1597 1756  861 1621 1389 1293
 1165 1245 1340 1805 1077 1021 1309  717 1061  836 1765 1172 1325 1796
 1356  988 1060  740  893 1389 1924  813  908 1773  863  996  911  910
  894 1294  613  901  837  958 1118  933 1069 1206  870 1069  830 1853
 1069  853  965  910  638  781  766  629  749 1542 1229  878  981 1302
  989  965  965  781  773  821 1230  766 1305 1207  980 1133 1254  869
 1109 1278 1069  950 1301 1309 1397 1006 1196 1029 1006  733  997 1405
 1053  997 1117  942 1053  845 1174 1116 1189  661 1237  941  893 1821
 1309 1142  694 1413  805  924  747  934 1829  935 1134 1782 1086 1149
  877  933  798  990  838 1837 1206 1405 1158 1229  750  662  886 1166
 1117 1389 1045  973 1029  710 1397  790 1310  877 1157 1069  637 2013
 1071 1062 1878 2278 1366 1029  942 1246 1030  885 1118  813  998  838
  933  918 1333  885  710 1397 1206 1189  837  685 1318  813  925 1077
 1013 1061  813  774 1141 1102  862  990 1070 1158 1294 1151  918  983
  943 1205  910  878 2046  797 1357 1109  933  862 1117 1030 1133 1045
 1093  965 1005  901 1029  981 1005 1013 1612 1053  797  885 1221 5733
  829  845  677  725 1141 1197 1437  781  957  662  595  693  513  778
  898  790 1359 1043 1199  838  784 1434 1083 1103  962  976 1335  502
  986  820  931  840 1209 1234  886 2189  638 1342 1246 1130  604  988
 1109 1421 1335  642  574  663  913 1010  574  795  695  707  840  672
 1109  706  784 1188 1254  661  772  862  706  716  773  919 1221  829
 1031 1165  851  762  806  739 1042  829 1344 1042  773 1111 1110 1144
  807  515  940  874 1042 1232  571  729  740 1073 1456 1131  705 1333
 1242  829  851  582 1220  795  962 1288  918 1052 1106  896  929 1489
  997  762  974  773 1041  829  907  974  828 1087 1154  700  955 1100
 1055  650  785 1345  930  851  975  952  861 1411  516  807 1938]","[5955 1595 1643 2274 2146 2369 1689 2080 2095 2223 1896 1663 1472 2031
 1440 2127 2495 2128 1575 3303 1975 1720 2024 1928 2176 1351 1447 2264
 1959 2375 1585 2201 1856 1383 1903 2176 2368 1736 2776 1375 2039 2080
 2407 1551 1456  992 1143 1863 1432 1071  935 1279 1432 1720 2016 1567
 1912 1391 1783 2455 1608 1368 1335 1288 1859 2890 3010 2497 1928 2216
 2288 2063 2359 2656 3223 3152 1912 1864  615 2776 1879 1496 2055 1791
 3312 1736 1656 1599 1256 1791 1344 2376 1703 3975 2983 2936 1464 1543
 2231 2467 3034 2681 1736 2576 2456 1984 1647 1695 2296 1559 2055 2127
 1695 1655 1839 1777 1551 1919 1688 2359 2696 2359 1384 1415 1432 1208
 1440 1431 1999 1295 1951 1416 1711 2119 1655 1063 1999 2256 1955 2218
 1963 2290 1482 2874 1809 1657 2137 1817 1992 1664 1824 2079 1255 1784
 2095 1936 1695 1479 1232 1183 2200 1384 1695 1552 1544 1736 1552 2200
 1607 1591 2048 2511 2000 1415 1407 1352 1632 1672 2231 1450 1523 1207
 2097 2097 1785 1504 1808 2056 1472 2024 2232  896 1953 1727  921 1960
 1169 1760  720 1761  872 1496 1720 1672 1408 1936 1632 1225 1104 1880
 1776 1776 2896 1962 3331 2276 1667 2034 1826 2082 2024 2696 2096 1856
 1848 1744 1312 1879 1640 1392 2088 1912 2536 1968 2200 2184 1808 1447
 1144 1200 2152 2088 1824  952 2112 1592 1327 1160  928 1128 1744 1560
 1584 2240 1896 1464 1512 1704 1232 2104 1433 1840 1856 1592 2823 1465
 1328 2176 1025  632 2039  984 1320 1920 1736 2080 4448 1680 1369 1343
 1376 1680 1944 1656 1688 1544 1642 2531 2130 2025 1936 1768 1558 1272
 1184 1920 1504 1232 2824 1904 1920 1633 1656 1376 1096 1641 1575  928
 1544 1096  984 1735 1504  928 1152 1296 1240 1688 1424 1087 1184 1168
 1440 1376 1520 2376 1835 1194 1578 1641 1729 1433 1592 1903 1479 2224
 1584 2080 1144 1360 1856 1231 1776 1632 1624 1623 1359 1327 1655 2000
 2560 1280 1695  936 1552  840 2727 2128 1231 1576 1264 1087 1056 1791
 2240 1744 1304 1448 2272 2456  924 1754 1427 1821 1607 1283 1563 2374
 1818 2407 1528 1959 1350 1688 1072 1215 1065 1460 1776 1472 2000  708
 1775 1844 1799 2142 2799 2179 1810 1720 1168 2045 2272 2187 1787 1307
 1128  679 1216 1126 1249 1516 1336  776 1649 1337 1426 1269 1840 1078
 1616 1548 1437  844 1482 1347 1974 1045 1818 1728 1582 2064 1066 1493
 1303  988 1470 7228 1112 1605 2079 1036 1686 1058 1406 1337 1438 1325
 2198  933 1213 1493 1133 1359 1415 1817 1537 1515 1190 1840 1224 1515
 2097 1795 1997 1661 1459 1851 1258 1336 1336 1402 1404 1750 1650 1280
 1459 1654 1048 1014 1059 1805 2254 1873 2299 1818 1426 1471]","[1997 1956 3282 2218 4051 2858 2106 1778 2922 3170 2474 3258 3514 2674
 2850 3098 3259 3026 6618 3034 3034 4578 2378 2490 2346 2162 2282 2458
 2001 1850 2558 3661 2051 2651 1594 4978 1682 3387 1378 2139 1978 1714
 1539 2770 1922 1986 2027 2154 1754 1299 2915 2443 1858 2410 2706 1937
 1690 3002 2914 2234 1755 6280 3935 4014 2804 2906 1763 3154 3995 3026
 1691 2571 2370 2066 2138 3011 2138 2418 2915 1722 1498 3186 2107 1882
 2162 7210 1754 2282 2057 2746 2267 1746 1642 2015 2339 2779 4426 2346
 2082 2034 2026 1850 1754 2666 3922 1771 2514 1578 1691 1722 2162 2330
 2339 1642 2963 4690 2458 1378  811 3227 1738 1394 2075 1594 2403 4970
 2033 4771 2741 2378 1898 3010 3826 3242 2179 4059 2186 2626 3346 3306
 1322 2107 1930 2825 1594 1922 3970 1874 6506 1499 1050 1378 1363 1115
 1563 1226 1387 1434 1946 2450 2634 2019 2138 2274 2522 2097 1702 1829
 1780 1842 2155 1842 2434 1923 2298 2139 2315 2497 2243 1555 1579 1771
 1322 1763 1651 1723 1875 2035 1034 1835 1971 1651 2451 1739 1859 2172
  787 2515 2547 1571 2251 2567 3471 2670 3004 1459 2068 2156 2539 2555
 3099 2044 2003 2620 2795 1274 3195 2931 3923 1538 1787 2610 1514 2434
 1867 2339 2179 1979 1387 3274 1651 1379 3459 1931 2315 2131 1507 2539
 2057 1227  851 1043 2848 2958 2365 2907 1539 4091 2427 2690 1787 2787
 2403 2571 2716 2714 1523 1843 1627 2403 1483 2235 1755 1978 1315 1738
 2675 2867 2699 1483 1635 4097 2590 2877 1860 2091 2467 2307 1979 2187
 1995 1515 2131 1979 1171 1443 1419 1859 3514 1971 1267 1515 1755 1402
 1691 1331 1755 1339 1283 1890 1987  883 1195 4155 1659 1363 1563 2931
 2694 2270 2021 3061 1581 1914 1619 2003 1475 2442 2459 1705 1914 1699
 1475 1547 2931 3779 1787 1507 2147 1571 1442 3035 2074 2859 1571 1627
 1395 1146 2547 1187 3051 2811 1723 1954 1182 2049 2028 3409 2038 1524
 1837 1971 2062 1703 1906 2090 8407  870 2770 1219 2511 2236 1723 2611
 2192 1990 1948 2107 1633 2235 4011 1800 2048 2239 1810 2105 3141 3387
 2071 2444 4654 1144  964 1501  984 2304 1451 1216 1989 1844 1563 1315
 1979 1328 2359  532 1876 1485 2482 1507 1933 1821 1362 1608 2112 2313
 2056 1372 2863 1876 2583 1294 1943 3680 2191 2034 2549 1530 2505 1906
 2864 1732 2425 1877 1473 1865 2000 2683 1787 2167 2202 1619 2102 1675
  925 1507 1619 2000 2582 1540  689 1955 1508 1372 4139 2055 2246 2437
 1631 1664 1944 2201 2802 3956 2173 1859 1230 1579 1955 1854 2392 2740
 2281 3535 2582 1596]","[1 1 1 1 1 1 1 1 1 1 1 1 1 1 1 1 1 1 1 0 1 1 1 1 1 1 1 1 1 1 1 1 1 1 1 1 1
 1 1 1 1 1 1 1 1 1 1 1 1 1 1 1 1 1 1 1 1 1 1 1 1 1 1 1 1 1 1 1 1 1 1 1 1 1
 1 1 1 1 1 1 1 1 1 1 1 1 1 1 1 1 1 1 1 1 1 1 1 1 1 1 1 1 1 1 1 1 1 1 1 1 1
 1 1 1 1 1 1 1 1 1 1 1 1 1 1 1 1 1 1 1 1 1 1 1 1 1 1 1 1 1 1 1 1 1 1 1 1 1
 1 1 1 1 1 1 1 1 1 0 1 1 1 1 1 1 1 1 1 1 1 1 1 1 1 1 1 1 1 1 1 1 1 1 1 1 1
 1 1 1 1 1 1 0 1 1 1 1 1 1 1 1 1 1 1 1 1 1 1 1 1 1 1 1 1 1 1 1 1 0 1 1 1 1
 1 1 1 1 1 1 1 1 1 1 1 1 1 1 1 1 1 1 1 1 1 1 1 1 1 1 1 1 1 1 1 1 1 1 1 1 1
 1 0 1 1 1 1 1 1 1 1 1 1 1 1 1 1 1 1 1 1 1 1 1 1 1 1 1 1 1 1 1 1 1 1 1 1 0
 1 1 1 1 1 1 1 1 1 1 1 1 1 1 1 1 1 1 1 1 1 1 1 1 1 1 1 1 1 1 1 1 1 1 1 1 1
 1 1 1 1 1 1 1 1 1 1 1 1 0 1 1 1 1 1 1 1 0 1 1 1 1 1 1 1 1 1 1 1 1 1 1 1 1
 1 1 1 1 1 1 1 1 1 1 1 1 1 1 1 1 1 1 1 1 1 1 1 1 1 1 1 1 1 1 1 1 1 1 1 0 1
 1 1 1 1 1 1 1 1 1 1 1 1 1 1 1 1 1 1 1 1 1 1 1 1 1 1 1 1 1 1 1 1 1 1 1 1 1
 1 1 1 1 1 1 1 1 1 1 1 1 1 1 1 1 1 1 1 1 1 1 0 1 1 1 1 1 1 1 1 1 1 1 0 1 1
 1 1 1]","[1 1 1 1 1 1 1 1 1 1 1 1 1 1 1 1 1 1 1 1 1 1 1 1 1 1 1 1 1 1 1 1 1 1 1 1 1
 1 1 1 1 1 1 1 1 1 1 1 1 1 1 1 1 1 1 1 1 1 1 1 1 1 1 1 1 1 1 1 1 1 1 1 1 1
 1 1 1 1 1 1 1 1 1 1 1 1 1 1 1 1 1 1 1 1 1 1 1 1 1 1 1 1 1 1 0 1 1 1 1 1 1
 1 1 1 1 1 1 1 1 1 1 1 1 1 1 1 1 1 1 1 1 1 1 1 1 1 1 0 1 1 1 1 1 1 1 1 1 1
 1 1 1 1 1 1 1 1 1 1 1 1 1 1 1 1 1 1 1 1 1 1 1 1 1 1 1 1 1 1 1 1 1 1 1 1 1
 1 1 1 1 1 1 1 1 1 1 1 1 1 1 1 1 1 1 1 1 1 1 1 1 1 1 1 1 1 1 1 1 1 1 1 1 1
 1 1 1 1 1 1 1 1 1 1 1 1 1 1 1 1 1 1 1 1 1 1 1 1 1 1 1 1 1 1 1 1 1 1 1 1 1
 1 1 0 1 1 1 1 1 1 1 1 1 1 1 1 1 1 1 1 0 1 1 1 1 1 1 1 1 1 1 1 0 1 1 1 1 1
 1 1 1 1 1 1 1 1 1 1 1 1 1 1 1 1 1 1 1 1 1 1 1 1 1 1 1 1 1 1 1 1 1 1 1 1 1
 1 1 1 1 1 0 1 1 1 1 1 1 1 1 1 1 1 1 1 1 1 1 1 1 1 1 1 1 1 1 1 1 1 1 1 1 1
 1 1 1 1 1 1 1 1 1 1 1 1 1 1 0 1 1 1 1 0 1 1 1 1 1 1 1 1 1 1 1 1 1 1 1 1 1
 1 1 1 1 1 0 1 1 1 1 1 1 1 1 1 1 1 1 1 1 1 1 1 1 1 1 1 1 1 1 1 1 1 1 1 1 1
 1 1 1 1 1 1 1 1 1 1 1 1 1 1 1 1 1 1 1 1 1 1 1 1 1 0 1 1 1 1 1 1 1 1 1 1 1
 1 1 1 1 1 1 1 1 1 0 1 1 1 1 1 1 1 1 1 1 1 1 1 1 1 1 1 1 1 1 1 1 1 1 1 1 1
 1 1 1 1 1 1 1 1 1 1 1 1 1 1 1 1 1 1 1 1 1 1 1 1 1 1 1 1 1 1 1 1 1 1 1 1 1
 1 1 1]","[1 1 1 1 1 1 1 1 1 1 1 1 1 1 1 1 1 1 1 1 1 1 1 1 1 1 1 1 1 1 1 1 1 1 1 1 1
 1 1 1 1 1 1 1 1 1 1 1 1 1 1 1 1 1 1 1 1 1 1 1 1 1 1 1 1 1 1 1 1 1 1 1 1 1
 1 1 1 1 1 0 1 1 1 1 1 1 1 1 1 1 1 1 1 1 1 0 1 1 1 1 1 1 1 1 1 1 1 1 1 1 0
 1 1 1 1 1 1 1 1 1 1 1 1 1 1 1 1 1 1 1 1 1 1 1 1 1 1 1 1 1 1 1 1 1 1 1 1 1
 1 1 1 1 1 1 1 0 1 1 1 1 1 1 1 1 1 1 1 1 1 1 1 1 1 1 1 1 1 1 1 1 1 1 1 1 1
 1 1 1 1 1 1 1 1 1 1 1 1 1 1 1 1 1 1 1 1 1 1 1 1 1 1 1 1 1 1 1 1 1 1 0 1 1
 1 1 1 1 1 1 1 1 1 1 1 1 1 1 1 1 1 1 1 1 1 1 1 1 1 1 1 1 1 1 1 0 1 1 1 1 1
 1 1 1 1 1 1 1 1 1 1 1 1 1 1 1 1 1 1 1 1 1 1 1 1 1 1 1 1 1 1 1 1 1 1 1 0 1
 1 1 1 1 1 1 1 1 1 1 1 1 1 1 1 1 1 1 1 1 1 1 1 1 1 1 1 1 1 1 1 1 1 1 1 1 1
 1 1 1 1 1 1 1 1 1 1 1 1 1 1 1 1 1 1 1 1 1 1 1 1 1 1 1 1 1 1 1 1 1 1 1 0 1
 1 1 1 1 1 1 1 1 1 1 1 0 1 1 1 1 1 1 1 1 1 1 1 1 1 1 1 1 1 1 1 1 1 1 1 1 1
 1 1 1 1 1 1 1 1 1 1 1 1 1 1 1 1 1 1 1 1 1 1 1 1 1 1 1 1 1 1 1 1 1 1 1 1 1
 1 1 1 1 1 1 1 1 1]","[1 1 1 1 1 1 1 1 1 0 1 0 1 1 1 1 1 1 1 1 1 1 1 1 0 1 1 1 1 1 1 1 0 1 1 1 1
 1 1 1 1 1 1 1 1 1 0 1 1 1 0 1 1 0 1 1 1 1 1 1 1 1 1 1 1 1 1 1 1 0 1 1 1 1
 1 1 1 1 0 0 1 1 1 1 1 1 1 1 1 1 1 1 0 1 1 1 1 1 1 1 1 1 1 1 1 1 1 1 1 1 1
 1 1 1 1 1 1 1 1 1 1 1 1 1 1 0 1 0 1 1 1 1 1 1 1 1 1 1 1 1 1 1 1 1 1 1 1 1
 1 1 1 1 1 0 1 0 1 1 1 1 1 1 1 1 1 1 1 1 1 1 1 1 1 1 1 1 1 1 1 1 1 1 1 1 1
 1 1 1 1 1 1 1 1 1 1 1 1 1 1 1 1 1 1 1 1 0 1 1 1 1 1 1 1 1 1 1 1 1 1 1 1 1
 1 1 1 1 1 1 1 1 1 1 1 1 1 0 1 1 1 1 1 1 1 1 1 1 1 1 1 1 1 1 1 1 1 1 1 1 1
 1 1 1 1 1 1 1 1 1 1 1 1 1 1 1 1 1 0 1 1 1 1 1 1 1 1 1 1 1 1 1 1 1 1 1 1 1
 1 1 1 1 1 1 1 1 1 1 1 1 1 1 1 1 1 1 1 1 1 0 1 1 1 1 1 1 1 1 1 1 0 1 1 1 1
 1 1 1 1 0 1 1 1 1 1 1 1 1 1 1 1 0 1 1 0 1 1 1 1 1 1 1 1 1 0 1 1 1 1 1 1 1
 1 1 1 0 1 1 1 1 1 1 1 1 1 1 1 1 1 1 1 1 1 1 1 1 1 1 1 1 1 1 1 1 1 1 1 1 1
 1 1 1 1 1 1 1 1 1 1 1 1 1 1 1 1 1 1 1 1 1 1 1 1 1 1 1 1 1 1 1 1 1 1 1 1 1
 1 1 1 1 1 1 1 1 1 1 1 1 1 0 1 1 1 1 1 1 1 1 1 1 1 1 1 1]","[1 1 1 1 1 1 1 1 1 1 1 1 1 1 1 1 1 1 1 1 1 1 1 1 1 1 1 1 1 1 1 1 1 1 1 1 1
 0 1 1 1 0 1 1 1 1 1 1 1 1 1 1 1 1 1 1 1 1 1 1 1 1 1 1 1 1 1 1 1 1 1 1 1 1
 1 1 1 1 1 1 0 1 1 1 1 1 1 1 1 1 1 1 1 1 1 1 1 1 1 1 1 1 1 1 1 1 1 1 1 1 0
 1 1 1 1 1 1 1 1 1 1 1 1 1 1 1 1 1 1 1 1 1 1 1 1 1 1 1 1 1 1 1 1 1 1 1 1 1
 1 1 1 1 1 1 1 0 1 1 1 1 1 1 1 1 1 1 1 1 1 1 1 1 1 1 1 1 1 1 1 1 1 1 1 1 1
 1 1 1 1 1 1 1 1 1 1 1 1 1 1 1 1 1 1 1 1 0 1 1 1 1 1 1 1 1 1 1 1 1 1 1 1 1
 1 1 1 1 1 1 1 1 1 1 1 1 1 1 1 0 1 1 1 1 1 1 1 1 1 1 1 1 1 1 1 1 1 1 1 1 1
 1 1 1 1 1 1 1 1 1 1 1 1 1 1 1 1 1 1 1 1 1 1 1 1 1 1 1 1 1 1 1 1 1 1 1 1 1
 1 1 1 1 1 1 1 1 1 1 1 1 1 1 1 1 1 1 1 1 1 1 1 1 1 1 1 1 1 0 1 1 1 1 1 1 1
 1 1 1 1 1 1 0 1 1 1 1 1 1 1 1 1 1 1 1 1 1 1 1 1 1 1 1 1 1 1 1 1 1 1 1 1 1
 1 1 1 1 1 1 1 1 1 1 1 1 1 1 1 1 1 1 1 1 1 1 1 1 1 1 1 1 1 1 1 1 1 1 1 1 1
 1 1 1 1 1 1 1 1 1 1 1 1 1 1 1 1 1 1 1 1 1 1 1 1 1 1 1 1 1 1 1 1 1 1 1 1 1
 1 1 1 1 1 1 1 1 1 1 1 1 1 1 1 1 1 1 1 1 1 1 1 1 1 1 1 1 1 1 1 1 1 1 1 1 1
 1 1 1 1 1 1 1 1 1 1 1 1 1 1 1 1 1 1 1 1 0 1 1 1 1 1 1 1 1 1 1 1 1 1 1 1 1
 1 1 1 1 1 1 1 1 1 1 1 0 1 1 1 1 1 1 1 1 1 1 1]","[1 1 1 1 1 1 1 1 1 1 1 1 1 1 1 1 1 1 1 1 1 1 1 1 1 1 1 1 1 1 1 1 1 1 1 1 1
 1 1 1 1 1 1 1 1 1 1 1 1 1 1 1 1 1 1 1 1 1 1 1 1 1 1 1 1 1 1 1 1 1 1 1 1 1
 1 1 1 1 1 1 1 1 1 1 1 1 1 1 1 1 1 1 1 1 1 1 1 1 1 1 1 1 1 1 1 1 1 1 1 1 1
 1 1 0 1 1 1 1 1 1 1 1 1 1 1 1 1 1 1 1 1 1 1 1 1 1 1 1 1 1 1 1 1 1 1 1 1 1
 1 1 1 1 1 1 1 1 1 1 1 1 1 1 1 1 1 1 1 1 1 1 1 1 1 1 1 1 1 1 1 1 1 1 1 1 1
 1 1 1 1 1 1 1 1 1 1 1 1 1 1 0 1 1 1 1 1 1 1 1 1 1 1 1 1 1 1 1 1 1 1 1 1 1
 1 1 1 1 1 1 1 1 1 1 1 1 1 1 1 1 1 1 1 1 1 1 1 1 1 1 1 1 1 1 1 1 1 1 1 1 1
 1 1 1 1 1 1 1 1 1 1 1 1 1 1 1 1 1 1 1 1 1 1 1 1 1 1 1 1 1 1 1 1 1 1 1 1 1
 1 1 1 1 1 1 1 1 1 1 1 1 1 1 1 1 1 1 1 1 1 1 1 1 1 1 1 1 1 1 1 1 1 1 1 1 1
 1 1 1 1 0 1 1 1 1 1 1 1 1 1 1 1 1 1 1 1 1 1 1 1 1 1 1 1 1 1 1 1 1 1 1 1 1
 1 1 1 1 1 1 1 1 1 1 1 1 1 1 1 1 1 1 0 0 1 1 1 1 1 1 1 1 1 1 1 1 1 1 1 1 1
 1 1 1 1 1 1 1 1 1 1 1 1 1 1 1 1 1 1 1 1 1 1 1 1 1 1 1 1 1 1 1 1 1 1 1 1 1
 1 1 1 1 1 1 1 1 1 1 1 1 1 1 1 1 1 1 1 1 1 1 1 1 0 1 1 1 1 1 1 1 1 1 1 1 1
 1 1 1 1 1 1 1 1 1 1 1 1 1 1 1 1 1 1 1 1 1 1 1 1 1 1 1 1 1 1 1 1 1 1 1 1 1
 1 1 1 1 1 1 1 1 1 1 0 1 1]","[1 1 1 1 1 1 1 1 1 1 1 1 1 1 1 1 1 1 1 1 1 1 1 1 1 1 1 1 1 1 1 1 1 1 1 1 1
 1 1 1 1 1 1 1 1 1 1 1 1 1 1 0 1 1 1 1 1 1 1 1 1 1 1 1 1 1 1 1 1 1 1 1 1 1
 1 1 1 1 0 1 1 1 1 1 1 1 0 1 1 1 1 1 1 1 1 1 1 1 1 1 1 1 1 1 1 1 1 1 1 1 1
 1 1 1 1 1 1 1 1 1 1 1 1 1 1 1 1 1 1 1 1 1 1 1 1 1 1 1 1 1 1 1 1 1 1 1 1 1
 1 1 1 1 1 1 1 1 1 1 1 1 1 1 1 1 1 1 1 1 1 1 1 1 1 1 1 1 1 1 1 1 1 1 1 1 1
 1 1 1 1 1 1 1 1 1 0 1 1 1 1 1 1 1 1 1 1 1 1 1 1 1 1 1 1 1 1 1 1 1 1 1 1 1
 1 1 1 1 1 1 1 1 1 1 1 0 1 1 1 1 1 1 1 1 1 0 1 1 1 1 1 1 1 1 1 1 1 1 1 1 1
 1 1 1 1 1 1 1 1 1 1 0 1 1 1 1 1 1 1 1 1 1 1 1 1 1 1 1 1 1 1 1 1 1 1 1 1 1
 1 1 1 1 1 1 1 1 1 1 1 1 1 1 1 1 1 1 1 1 1 1 1 1 1 1 1 1 1 0 1 1 1 1 1 1 1
 1 1 1 1 1 1 1 1 1 1 1 1 1 1 1 1 1 1 1 1 1 1 1 1 1 1 1 1 1 1 1 1 1 1 1 1 1
 1 1 1 1 1 1 1 1 1 1 1 1 1 1 1 1 1 1 1 1 1 1 1 1 1 1 1 1 1 1 1 1 1 1 1 1 1
 1 1 1 1 1 1 1 1 1 1 1 1 1 1 1 1 0 1 1 1 1 1 1 1 1 1 1 1 1 1 1 1 1 1 1 1 1
 1 1 1 1 1 1 1 1 1 1 1 1 1 1 1 1 1 1 1 1 1 1 1 1 1 1 1 1 1 1 1 1 1 1 1 1 1
 1 1 1 1 1 1 1]","[1 1 1 1 1 1 1 1 1 1 1 1 1 1 1 1 1 1 1 1 1 1 1 1 1 1 1 1 1 1 1 1 1 1 1 1 1
 1 1 1 1 1 1 1 1 1 1 1 1 1 1 1 1 1 1 1 1 1 1 1 1 1 1 1 1 1 1 1 1 1 1 1 1 1
 1 1 1 1 1 1 1 1 1 1 1 1 1 1 1 1 1 1 1 1 1 1 1 1 1 1 1 1 1 1 1 1 1 1 1 1 1
 1 1 1 1 1 1 1 0 1 1 1 1 1 1 1 1 1 1 1 1 1 1 1 1 1 1 1 1 1 1 1 1 1 1 1 1 1
 1 1 1 1 1 1 1 1 1 1 1 1 1 1 1 1 1 1 1 1 1 1 1 1 1 1 1 1 1 1 1 1 1 1 1 1 1
 1 1 1 1 1 1 1 1 1 1 1 0 1 1 1 1 1 1 1 1 1 1 1 1 1 1 1 1 1 1 1 1 1 1 1 1 0
 1 1 1 1 1 1 1 1 1 1 1 1 1 1 1 1 1 1 1 1 1 1 1 1 1 1 1 1 1 1 1 1 1 1 1 1 1
 1 1 1 1 1 1 1 1 1 1 1 1 1 1 1 1 1 1 1 1 1 1 1 1 1 1 1 1 1 1 1 1 1 1 1 1 1
 1 1 0 1 1 1 1 1 1 1 1 1 1 1 1 1 1 1 1 1 1 1 1 1 1 1 1 1 1 1 1 1 1 1 1 1 1
 1 1 1 1 1 1 1 1 1 1 1 1 1 1 1 1 1 1 1 1 1 1 1 1 1 1 1 1 1 1 1 1 1 1 1 1 1
 1 1 1 1 1 1 1 1 1 1 1 0 1 1 1 1 1 1 1 1 1 1 1 1 1 0 1 1 1 1 1 1 1 1 1 1 1
 1 1 1 1 1 1 1 1 1 1 1 1 1 1 1 1 1 1 1 1 1 1 1 1 1 1 1 1 1 1 1 1 1 0 1 1 1
 1 1 1 1 1 1 1 1 1 1 1 1 1 1 1 1 1 1 1 1 1 1]","(np.float64(5.478950666166886), np.float64(408.14006585867867), np.float64(33.86182273038149))","(np.float64(9.297025036193357), np.float64(437.7469585316942), np.float64(37.17962190822438))","(np.float64(18.807897495198326), np.float64(439.36863935964357), np.float64(32.356659083393865))","(np.float64(10.239055575776618), np.float64(499.7785539157894), np.float64(71.06234807013284))","(np.float64(2.0724887179842417), np.float64(543.774162329838), np.float64(77.02365363610369))","(np.float64(1.9616041501446402), np.float64(810.1358384355954), np.float64(158.92762248465465))","(np.float64(1.4164259194632995), np.float64(1309.4594804301823), np.float64(305.78692471533805))","(np.float64(2.103449964834263), np.float64(1485.7407729328495), np.float64(357.27714298904726))","[np.float64(3.979488506838892), np.float64(1.182183552799419), np.float64(-0.30254280039469694), np.float64(0.19999999999999998)]","[np.float64(2.6322440481001257), np.float64(1.273116606384002), np.float64(-0.1677946882659681), np.float64(0.19999999999999998)]","[np.float64(1.790998510172826), np.float64(1.3942529735760947), np.float64(-0.03883848464315605), np.float64(0.19999999999999998)]","[np.float64(1.8619968198103152), np.float64(1.4546293848557672), np.float64(-0.12328870102509655), np.float64(0.19999999999999998)]","[np.float64(4.484288619882745), np.float64(1.4941342550554633), np.float64(-0.48943878788805295), np.float64(0.19999999999999998)]","[np.float64(2.6063894806541916), np.float64(1.5), np.float64(-0.5586138175358843), np.float64(0.19999999999999998)]","[np.float64(1.7595951141915767), np.float64(1.5), np.float64(-0.5583891229726672), np.float64(0.19999999999999998)]","[np.float64(1.6109699637714858), np.float64(1.5), np.float64(-0.554390064939545), np.float64(0.19999999999999998)]","[[ 0.          0.38914804  0.96135157  1.60140805  0.74276439  3.7004411
   6.81409628  8.05663836]
 [ 0.47552195  0.          0.1959254   0.51641749  0.40456142  1.6807878
   4.44009619  5.70086174]
 [ 1.75009189  0.28235218  0.          0.09560209  1.60099103  0.92396547
   2.67173701  3.71727149]
 [ 2.8238638   0.68579785  0.08349154  0.          2.59247698  0.66030089
   1.81817612  2.70340549]
 [ 0.51093288  0.27255282  0.6135327   0.83888465  0.          1.9914658
   5.39122468  6.74331923]
 [ 2.74342388  0.96582281  0.55122774  0.43074039  2.10683455  0.
   1.56455708  2.79220934]
 [ 6.89595993  2.88084996  1.34747419  0.97611668  6.99787949  1.50081719
   0.          0.35747629]
 [10.1762622   4.38014299  1.95552502  1.39200596 10.89866618  3.17557599
   0.46213774  0.        ]]","[[1.         0.73089763 0.55793127 0.44701091 0.6329201  0.2550327
  0.08499333 0.05234593]
 [0.73089763 1.         0.79436388 0.68374904 0.74244694 0.49397037
  0.22366489 0.15426937]
 [0.55793127 0.79436388 1.         0.88752878 0.62251183 0.63243697
  0.40805423 0.31306334]
 [0.44701091 0.68374904 0.88752878 1.         0.54077016 0.67332403
  0.49816801 0.39914937]
 [0.6329201  0.74244694 0.62251183 0.54077016 1.         0.36257171
  0.104936   0.06134236]
 [0.2550327  0.49397037 0.63243697 0.67332403 0.36257171 1.
  0.421341   0.27460388]
 [0.08499333 0.22366489 0.40805423 0.49816801 0.104936   0.421341
  1.         0.70941837]
 [0.05234593 0.15426937 0.31306334 0.39914937 0.06134236 0.27460388
  0.70941837 1.        ]]","[[1.         0.99996782 0.99952826 0.99826813 0.99827636 0.9937928
  0.98919354 0.98821482]
 [0.99996782 1.         0.99970588 0.99840402 0.99828279 0.99389214
  0.98935237 0.988389  ]
 [0.99952826 0.99970588 1.         0.99745922 0.99698885 0.99197938
  0.98701766 0.98598902]
 [0.99826813 0.99840402 0.99745922 1.         0.99986363 0.99846361
  0.99593156 0.99533691]
 [0.99827636 0.99828279 0.99698885 0.99986363 1.         0.99859467
  0.99606506 0.99546149]
 [0.9937928  0.99389214 0.99197938 0.99846361 0.99859467 1.
  0.99936208 0.99910601]
 [0.98919354 0.98935237 0.98701766 0.99593156 0.99606506 0.99936208
  1.         0.9999783 ]
 [0.98821482 0.988389   0.98598902 0.99533691 0.99546149 0.99910601
  0.9999783  1.        ]]","[[   0.           30.0358715    33.98749982   99.01590871  142.37680905
   421.01594645  941.45443452 1125.09206169]
 [  30.0358715     0.           10.78645048   70.68836806  113.49673447
   391.85438867  912.19225375 1095.81257775]
 [  33.98749982   10.78645048    0.           72.25588688  114.78557199
   392.13814184  912.20866317 1095.78601987]
 [  99.01590871   70.68836806   72.25588688    0.           45.14248041
   322.66153583  843.06385786 1026.69693398]
 [ 142.37680905  113.49673447  114.78557199   45.14248041    0.
   278.6697237   799.12894514  982.77317563]
 [ 421.01594645  391.85438867  392.13814184  322.66153583  278.6697237
     0.          520.47291123  704.11971988]
 [ 941.45443452  912.19225375  912.20866317  843.06385786  799.12894514
   520.47291123    0.          183.64860105]
 [1125.09206169 1095.81257775 1095.78601987 1026.69693398  982.77317563
   704.11971988  183.64860105    0.        ]]","[[1.         0.98672985 0.92954289 0.93045106 0.99898583 0.9672139
  0.90321491 0.88373733]
 [0.98672985 1.         0.97700355 0.97752179 0.99040311 0.98954829
  0.95257485 0.93927277]
 [0.92954289 0.97700355 1.         0.99938362 0.93865165 0.97652928
  0.9751462  0.97021037]
 [0.93045106 0.97752179 0.99938362 1.         0.940683   0.98154561
  0.98220718 0.97766031]
 [0.99898583 0.99040311 0.93865165 0.940683   1.         0.97695274
  0.9200157  0.90207382]
 [0.9672139  0.98954829 0.97652928 0.98154561 0.97695274 1.
  0.98242424 0.97334423]
 [0.90321491 0.95257485 0.9751462  0.98220718 0.9200157  0.98242424
  1.         0.99904659]
 [0.88373733 0.93927277 0.97021037 0.97766031 0.90207382 0.97334423
  0.99904659 1.        ]]","[[0.         1.3570164  2.21449811 2.14245882 0.62214669 1.43247359
  2.25707583 2.40298032]
 [1.3570164  0.         0.8596498  0.79259603 1.89271573 0.45264128
  0.98262722 1.11531736]
 [2.21449811 0.8596498  0.         0.12576927 2.73254982 0.97273391
  0.53113226 0.5562249 ]
 [2.14245882 0.79259603 0.12576927 0.         2.64802583 0.86353163
  0.44928496 0.50092051]
 [0.62214669 1.89271573 2.73254982 2.64802583 0.         1.87918194
  2.7255721  2.87405866]
 [1.43247359 0.45264128 0.97273391 0.86353163 1.87918194 0.
  0.8467944  0.99542848]
 [2.25707583 0.98262722 0.53113226 0.44928496 2.7255721  0.8467944
  0.         0.14867894]
 [2.40298032 1.11531736 0.5562249  0.50092051 2.87405866 0.99542848
  0.14867894 0.        ]]"
2,2,"[ 601  525  573  521  728  674  665  755  573  875  776  721  619  730
  508  630  591  480  494  630  694  630  709  602  676  888  642  603
  698  801  545 1256  585  450  684  708  630  585  720 1359  708  495
  765  529  686  447  526  517  641  552  900  506  472  576  676  596
  708  494  743  540  586  684  438  518  764  541  470  428  828  575
  574  465  522  631  441  500  686  641  438  503  535  440  563  539
  510  575  460  551  449  770  507  717  529  545  507  506  437  665
  720  483  584  620  514  616  540  474  664  607  720  532  594  799
  575  449  684  575  428  613  574  583  765  820  776  452  562  418
  428  505  641  505  664  438  606  564  563  426  631  412  472  633
  644  530  781  608  497  729  599  426  452  632  598  834  633  594
  855  601  607  507  517  575  394  595  473  430  755  653 1173  562
  686  527  651  833  743  563  821  527  865 1036 1111  439  573  585
  628  616  461  610  405  443  562  616  763  393  438  546  811  614
  617  552  677  667  715 1255  538  662  515  896  423  422  578  470
  727  548  548  561  701  661  514  950  526  695  527  540  648  590
  451  485  588  422  428  393  463  462  417  652  473  622  925  544
  831  584  866  419  553  541  395  472  400  461  541  497  608  483
  654  631  629  588  497  552  765  678  641  683  810 2024  587  462
  399  573  516  587  442  728  449  529  821  700  463  473  809  421
  507  763  362  433  515  562  687  540  752  596  597  585  508  485
  602  754  471  510  855  949  660  574  438  631  508  710  683  431
  464  459  384  631  542  495  507  515  710  720  913  683  441  443
  453  605  403  515  605  618  483  450  416  416  487  419  663  662
  584  866  499  508  619  427  405  621  492  429  442  653  486  618
  698  822  561  462  607  600  583  732  438  539  573  708  447  516
  574  664  428  431  575  392  419  586  496  652  452  720  484  602
  807  518  450  485  461  507  452  472  448  716  597  688  642  596
  598  528  553  653  503  427  585  808  757  542  505  643  609  562
  453  727  495  508  608  787  483  463  436  438  373  495  663  709
  569  473  461  551  585 1139  633  808  592  555  494  518  460  528
  525  763  496  787  471  501  475  605  776  551  824  653  563  472
  763 2584  845  766  458  604  451  585  392  473  520  553  642  743
  505  687  451  505  437  598  417  517  809  679  548  893  635  586
  697  610  743  631  541  428  669  695  578  492  633  429  372  542
  644]","[1025  828  540 1908  815  502  673 1053  894  603  805  591  750 1020
  830 1166  673  997  482  784  893  737  629 1132  904  569  987  548
  489  584  705  589  669 1222  535  874  794  591  937  895  780  817
  578  950  568  974  685 1085  612  469  841  549  599  613  504  809
  771  759  645  443  806  628  916  615  870 1326  781  591  806  536
  700  974  547  591  862  636  658  886  614  417  603  604 1400  582
  898  480  534  457  839  470  927  814 1044  548  499  772  893  588
  761  524  738  534 1255  965  513  534  442 1277  714  559  649  769
  885 1006  576 1359  668  554  681  503  460  602  650  592  916  583
  423  569  544  470  974  407  727  575  522  528  826  750  672  605
  760 1044  793  437  490  680  549  523  472  618  608  457  467  852
  580  772  586  626  560  964  502  645  592  815  455  435  625 1220
  548  809  787  545  728  708  772  995  618  660  419  987  537  615
  761  698 1187  492 1965  602  464  825  652  672  982  423  607  444
  681  411  726  981 1068  757  481  459  656  587  479  622  387  691
  937  581  441  547  443  466  578  775 1051  475  658 1061  840  804
  578  629  702  753  820  538 1020  441  546 1207  594  458 1166  842
  633  546  716  639  906  973 1000  715  919  472  840  458  760  490
 1576  445 2046  558  683  479  865  538  492  515  691 1030  894  618
  535  499  840  492  663  874  534  593  581  458  436  424  829  508
  547  470  660  438  645  786  581  660  528  865 1000  719  480  636
  493  536  801  572  852  514  762  582  753  492  741  572  786  595
  663  571  668  585  529  502  446  613  918  446  670  470  628 1086
  704  503  670  446  667  952  784  986  567  440  551  502  446  471
  651  466  648  713  480  390  752  537 1435  593  917  540  775  614
  640  502  611  459  814  615  500  614  524  717  494  604  436  895
  660  790  515  408  561  592  707  523  636  494  575  408  740 1080
  490  846  506  403  689  456  434  559 1134  428  497  455  715  614
