,pid,rt_n03_tpre,rt_n06_tpre,rt_n12_tpre,rt_n18_tpre,rt_n03_tabs,rt_n06_tabs,rt_n12_tabs,rt_n18_tabs,cor_n03_tpre,cor_n06_tpre,cor_n12_tpre,cor_n18_tpre,cor_n03_tabs,cor_n06_tabs,cor_n12_tabs,cor_n18_tabs,exg_params_n03_tpre,exg_params_n06_tpre,exg_params_n12_tpre,exg_params_n18_tpre,exg_params_n03_tabs,exg_params_n06_tabs,exg_params_n12_tabs,exg_params_n18_tabs,ddm_params_n03_tpre,ddm_params_n06_tpre,ddm_params_n12_tpre,ddm_params_n18_tpre,ddm_params_n03_tabs,ddm_params_n06_tabs,ddm_params_n12_tabs,ddm_params_n18_tabs,RE_all_exg,OI_all_exg,CS_all_exg,ED_all_exg,CS_all_ddm,ED_all_ddm
1,1,"[ 408  431  419  441  496  451  562  451  518  517  484  484  507  484
  439  474  383  472  427  383  496  416  449  382  417  451  472  517
  438  473  460  380  417  383  472  461  416  367  398  382  551  566
  654  445  413  397  500  653  509  469  332  581  460  677  468  541
  589  469  388  645  453  469  598  467  885  661  541  477  501  789
 1133  453  484  495  407  471  438  397  389  525  517  414  518  589
  430  349  478  493  829  534  557  453  462  350  445  381  325  454
  587  485  525  445  446  406  581  421  461  454  365  414  381  293
  374  379  733  605  396  487  542  509  469  461  381  357  444  484
  420  429  428  452  565  372  453  428  468  492  492  492  403  445
 1853  341  388  396  517  428  468  444  396  444  493  420  517  469
  398  478  454  403  444  461  500  396  492  389  380  381  452  404
  333  429  597  405  532  460  372  357  397  349  428  492  532  499
  412  445  436  716  501  396  421  481  503  453  431  457  718  548
  549  691  465  473  523  433  644  658  649  526  530  464  534  569
  488  712  378  420  412  467  534  633  456  713  479  467  569  712
  423  545  525  467  301  480  512  489  487  521  456  589  453  432
  513  476  367  666  542  433  525  388  533  555  434  713  489  502
  631  446  464  916  661  469  554  502  525  535  457  493 1028  486
  432  892  600  502  532  736  507  513  446 1026  577  428  420  446
  498  411  527  670  523  490  463  468  453  432  386  567  507  492
  532  572  370  383  371  775  425  561  485  493 7374  708  447  464
  389 1077  498  472  406  384  458  721  496 1787  423  542  504  550
  438  394  482  429 3235 1641  498  405  528  472  461  549  684  412
  659  409  493  437  518  380  437  482  537  347  495  718  616  598
  516  683  470  582  492  492  457  449  504  536  515  458  459  549
  446  459  402  448  390  365  572  412  370  538  468  415  510  596
  395  415  415  475  530  372  448  396  460  563  606  700  442  419
  518  418  440  607  462  441  482  621  408  473  473  653  519  617
  494  393  463  419  348  393  417  677  392  515  365  370  586  373
  516  461  381  380  553  416  475  528  430  477  460  505  461  473
  530  468  472  496  496  462  574  530  990  396  445  429  485  448
  404  439  438  450  484  451  553  402  539  335  347  517  396  484
  472  395  494  407  469  486  416  470  472  467  394  470  462  414
  416  508  429  441  440  484  480  719  978  417  404  440  420  472
  586  395  507  642  497  406]","[ 353  581  403  468  658  433  512  511  488  421  500  489  422  589
  444  399  388  613  489  522  511  466  466  478  521  623  431  354
  477  567  399  466  522  534  499  533  645  500  451  850  474  432
  345  689  368  463  665  527  544  446  464  641  415  744  424  512
  536  520  465  615  416  704  384  680  400  504  672  392  776  576
  432  552  512  753  943  633  527  431  580  393  464  504  473  392
  497  441  665  817  537  497  417  305  481  689  505  385  569  440
  424  457  433  521  337  393  456  377  441  394  521  497  441  433
  424  359  448  400  544  431  408  496  576  423  416  512  487  472
  472  440  528  384  576  448  440  439  448  432  456  512  440  488
  361  688  456  720  488  424  496  379  299  602  475  393  426  529
  432  393  408  455  423  448  464  448  392  456  408  360  392  496
  424  520  440  399  464  464  448  376  416  415  376  344  456  447
  487  448  464  368  440  584  600  447  640  496  599  555  804  509
  656  611  475  410  430  499  435  699  598  543  667  411  768  496
  666  498  530  599  611  578  588  779  487  509  632  651  819  600
  523  523  587  630  521  555  477  587  583  447  615  584  635  510
  527  656  409  580  443  386  510  385  428  590  665  463  516  543
  598  490  497  398  495  476  601  533  622  463  442  520  621  486
  439  519  610  521  690  497  443  362  487  611  528  533  542  454
  657  486  477  557  419  386  643  465  579  395  450  477  836  598
  541  586  470 1021  512  434  604  393  402  458  505  427  468  742
  417 1269  594  493  684  502  457  674  538  448  488  448  516  446
  427  355  425  503  459  538  865  456  500  651 3674  503  460  525
  549  521  402  489  535  464  401  401  485  515  412  454  512  704
  387  534  480  487  456  455  557  827  525  458  467  444  377  604
  535  510  502  545  591  401  491  519  462  437  456  617  528  413
  752  507  459  448  505  448  460  504  515  471  694  416  407  425
  574  457  426  438  457  561  896  414  426 1853  706  660  605  910
 1334  504  887  511  468  396  517  432  572  427  618  391  458  525
  638  471  548  480  449  638  615  516  505  447  573  471  423  447
  459  383  392  661  493  505  550  336  484  684  509  342  415  369
  416  494  414  499  344  448  527  389  380  382  527  383  383  404
  470  435  428  325  522  569  495  527  484  504  561  414  382  417
  398  634  392  826  448  572  482  495  782  606  562  469  539  448]","[3652  456  568  397  430  520  475  476  565  934  496  453  453  465
  632  476  631  453  453 1136  542  476  666  431  665  386  812  476
  397  465  408  464  542  520  453  756  509  442  498  576  459  394
  403  800  583  591  463  495  591  535  575  535  399  463  551  455
  615  463  759  551  640  511  638  447  591  453  551  511  719  687
  638  559  607  527  470  623  519  551  639  558  575  582  559  640
  535  574  484  507  529  426  449  553  584  560  551  616  408  567
  391  479  352  656  527  368  487  471  768  495  488  454  655  439
  536  471  608  712  416  558  447  450  440  490  417  599  406  550
  583  455  423  462  558  567  503  605  454  519  550  471  519  503
  502  439  686  462  439  487  639  742  790  463  383  559  358  535
  487  486  479  607  465  360  488  551  495  319  415  431  574  471
  422  535  479  503  399  439  589  407  471  527  455  399  663  431
  742  423  487  455  543  462  455  399  623  407  535  455  415  471
  495  836  423  731  754  437  695  505  495  515  596  620  473  990
  737  540  551  697  540  493  861  585  606  461  434  752  743  720
  460  541  519  539  487  632  640  710  875  599  620  707  500  641
  495  675  484  552  416  314  540  618  451  559  530  506  586  586
  708  522  416 1009  518  564 1169  608  642  742  418  502  608  658
  481  583  462  503  665 1895  813  452  700  795  517  529  517  627
  764  664  536  772  619  516  557  559  445  416  629  540  517  607
  570  485  811  485  540  472  493  866  810  508  540  550  538  457
  473  506  581  418  565  482  532  512  477  499  588  577  632  490
  825  497  477  420  556  522  476  444  554  497  589  620  612 4038
  461  399  511 2767  522  550  465  475  510  544  587  532 1957  454
  602  488  478  633  486  858  494  595  576  520  465  481  543  756
  521  442  508  431  461  804  529  394  486  451  940  561  442  473
  442  601  471  685  503  484  441  409  439  582  542  645  406  362
  474  507  495  518  595  445  558  646  476  621  608  489  457  996
  477  592  555  984  388  478  511  615  487  568  469  462  467  454
  702 1251  690  478  455  566  555  557  592 2344  644  803  932  514
  534  793  586  446  545  446  462  373  497  479  437  455  465  536
  905  680  522  478  558  489  620  622  648  456  624  612  566  597
  510  962  448  493  420  490  486  433  521  459  556  473  661  419
  428  474  433  511  445  593  545  485  554  500  387  451  394  444
  444  669  376  518  490  487  387  344  536  510  491  429  478  453
  411  497  388  399 1015  376  428  433  478  482  547  533  445  545
  555  477  421  479  546  523]","[1161  718  448  558  507  643  731  361  641  742  563  731  675  461
  530  652  496  720  563  574  720  686  563  440  462  641  462  418
 1414  606  496  530  542  529  540  630  629  651  746  473  496  361
  799  686  358  429  613  622  422  854  599  566  613  468  638  614
  510  517  574  638  709  493  678 6982  566  942  613  524  540  636
  627  554  481  376  606  558  478  750  591  542  494  606  710  500
  535  382  495  478  534  567  582  414  454  598  486  459  739  602
  555  432  318  381  797  541  517  406  517  517  614  494  501  790
  582  518  862  478  565  447  542  414  429  421  358  381  389  382
  821  494  453  533  765  541  790  582  581  394  482  539  681  591
  510  382  342  518  494  614  430  430  589  606  397  414  574  389
  445  646  614  549  429  454  470  748  526  598  373  478  494  638
  781  779  689  841  762  963  750  489  561  760  480  707  525  702
  533  546  743  524  524  404  940  569  481  672 1043  984  557  571
  615  414  564  806  863  586  681  750  514  593  658  490  513  558
  591  388  434  527  435  574  515  548  625  469  494  536  599  860
  638  582  570  726  632  528  556  434  357  525  479  423  637 1041
  503  522  625 1082  660  473  552  596  771  536  816  503  357  580
  502  626  604  615  684  605  503  963  815  602  613  975  479  545
  637  468  591  657  490  625  545  435  660  396  999  443  873  582
  492  907  986 1401  601  491  808 3642  559  381  741  691  492  517
  482  551  529  586  494 3255  458  594  661  484  516  591  551  630
  592  702  890  811  517  459  449  481  659  550  591  468  392  496
  491  513  570  582  597  448  483  537 1082  483  457  617  424  550
  413  703  595  536  583  424  516  621  459  726  464  602  636  438
  633  513  489  797  475  452  482  650  622  481  492  496  462  495
  532  744  405  473  533  596  529  559  461  520  773  478  496 1281
  633  622  464  458  572 1305  912  461  876  463  832  447 1003  626
 1125  407  540  550  819  443  405  675  653  483  597  485  427  450
  518  531  460  561  496  529  453  708  556  427  835  513  627  717
 1081  988  497  430  540  482  655  459  415  452  358  518  514  451
  494  530  685  530  417  451  429  463  427  419  434  496  646  484
  474  485  450  420  397  493  469  393  507  481  586  452  552  554
  427  645  590  542  484  493  442  564  439  575  685  504  502  506
  643  613  629  461  439  492]","[ 621  509  442  486  676  676  407  654  539  539  549  472  451  416
  618  573  686  473  482  551  741  528  517  518  596  551  641  529
  596  450  391  562  517 1738  543  678  630  670  581  478  693  733
  509  557  693  892  613  445  405  756  477  581  564  620  549  468
  525  637  540  677  532  828  900  604  605  525  517  693  564  548
  557  517 1101  717  655  526  591  462  471  798  605  541  518  341
  453  541  373  326  358 1021  494  549  630  829  621  574  646  525
  524  534  476  549  525  509  589  526  398  453  445  453  461  430
  349  502  501  638  436  460  525  501  516  581  405  748  436  549
  820  580  437  540  445  572  509  524  508  429  517  563  508 1397
  548  525  461  436  547  404  372  412  388  452  465  494  397  469
  454  421  452  396  420  589  452  445  404  340  372  669  557  501
  357  444  484  492  428  469  516  403  436  413  437  541  485  532
  613  501  454  635  511  534  823  488  581  704  803  646  686  585
 1725  638  533  510  518  575  600  656  409  555  522  803  733  771
  588  464  621  659  469  524  567  498  486  611  545  440  467  478
  466  544  635  567  431  823  420  421  556  544  556  555  857  520
  496  477  554  488  445  501  512  577  767  511  623  990  514  578
  542  702  497  613  555  465  568  560  485  625  520  544  724  579
  444  824 1003  770  678  690  521  490  586  612  422  455  558  523
  529  714  601  625  871  486  551  652  826  387  553  585  622  556
  652  956  540  503  552  596  517  489  700  930  676  472  460  552
 1517  544  787  651  629 4807 1731 4923  674  856  361  507  461  415
  406  537  470  626 1707 1128  471  630  549  448  503  727  502  504
  486  559  455  571  520  502  401  557  614  559  835  590  648  514
  502  513  546  660  515  537  435  515  525  570  638  549  764  568
  540  648  490  492  541  517  452  431  572  482  493  416  506  518
  450  405  507  584  428  493  472  462  594  541  515  507  416  470
  484  651  568  515  545  619  506  640  438  506  551  517  596  495
  571  494  494  619  987  665  539  495  663  606  462  464  583  471
  675  552  606  530  706  574  608  505 1608  469  496  452  745  428
  427  550  393  403  562  565  484  427  418  540  519  686  415  495
  622  460  429  495  516  573  527  520  459  519  518  516  437  461
  437  496  590  568  582  529  473  810  473  528  549  493  444  583
  743  529  608  486  438  497  436  629  527  527  480  502  555  562
  449  458  505  518]","[ 628  604  481  469  849  659  590  757  836  634  500  522  634  600
  679  623  601  488  713  522  544  699  522  701  589  454  399  533
  466  455  432  679  656  432  376  376  544  511  522  746  443  584
  544  432  576  400  984  608  504  480  472  776  489  384  616  680
  456  719  560  632  609  584  593  672  680  640  440  504  632  744
  672 1056 1008  472  691 1018  466  521  448  449  737  513  513  489
  465  497  521  505  561  425  424  353  352  473  672  537  673  736
  624  472  625  465 1009  624  465  521  505  489  560  449  505  432
  752  480  552  666  417  441  496  495  536  640  480  456  480  799
  464  591  480  583  608  768  536  512  488  568  543  487  815  488
  551  494  592  615  571  569  545  512  544  520  376  520  496  504
  583  480  512  441  504  584  536  584  704  663  471  400  585  416
  448  520  592  488  472  448  440  432  544  545  488  449  487  472
  624  584  504  624  464  551  488  468  500  536  579  600  802  486
  710  500  805  736  609  901  641  621 1056  915  643  552  766 1134
  497  539  477  556  698  710  566  699  620  776  709  642  823  620
  556  609  867  602  700  566  641  836  719  588  650  567  701  441
  487  542  508  675  668  396  564  426  531  543  620  530  534  606
  484  544  576  519  484  565  621  473  453  732  464  534  385  542
  834  482  646  653  643  485  490  538  587  690  418  960  756  876
  722  868  668  588  780  597  666  669  767  611  585  689  506  568
  531  543  498  506  746  508  722  628  821  503  609  723  788 1149
  755  454  756  737 1067  780  490  638  918  549  459  637  738  568
  404  613  578  535  435  542  493  695 3670  607  604  486  784  536
  491  536  561  554  414  631  537  571  637  509  500  669  514  448
  560  617  598  628  489  747  770  461  646  512  505  450  568  546
  455  592  770  732  489 1153  500  626  542  549  567  557  611  511
  578  569  756  526  808  659  660  548  532  570  503  505  560  651
  529  493  475  499  482  538  652  480  639  548  808  583  492  492
  703  505  550  644  476  517  750  626  661  537  725  614  674  853
  527  460  776  649  910  673  537  589  456  514  628 1313  526  746
  538  596  548  513  793  500  435  457  716  536  505  514  429  536
  511  528  492  642  566  475  607  459  448  537  514  479  458  472
  539  535  469  684  448  570  490  515  491  527  729  458  480  459
  491  537  492  524  693  503  618  505  481  820  572  808  842  482
  571  593  523  469  683  606  489  559  826  606  596  583  628  549
  482  446]","[ 715  590  533  555  643  621  621  834  598  554  732  722  644  553
  890  688  587  756  810  610  799  441  363  464  532  676  474  464
  396  610  554  508  732  756  621  556  507  603  575  744  737  575
  631  703  519  775  679  511  583  647  551  695  567  479  327  575
  607  495  599  495  414  464  495  543  599  679  551  583  526  591
  607  799  775 1287 1143  559  687  733  501  755 9218  674 1514 1002
  416  895  711  560  567  503  608  520  527  479  480  463  448  728
  559  615  671  504  463  464  607  791  488  576  752  599  559  592
  479  567  464  447  487  471  712  487  464  455  416  615 2783  532
  516  531  771  546  681  489  654  662  518  647  750  534  599  503
  510  463  685  607  566  654  599  454  630  575  559  479  551  414
  470  446  742  631  503  583  646  590  479 1103  439  591  670  555
  507  459  418  670  599  454  550  511  639  623  551  471  471  726
  487  440  479  606  535  447  503  543  502  375  486  415  478  486
  511  439  559  511  495  615  663  627 1284  555  980  798  721 1303
  573  540  625  749 1134 1720  695  594  583  732  571  786  589  867
  968  851  638  697  677  763  922  646  879  712  511  649  622  608
  809  952 1123  786  660  576  554  478  503  433  406  617  667  569
  573  730  663  565  931  885  687  661  593  594  494  530  618  526
  495  514  617  708  524  874  876  519  990  548  540  786  608  575
  706  497  810  539  561  571  729  592  706  448  539  965  808  658
  582  618  471  535  538  605  540  694  662  485  647  639  682  460
  784  578 1035 1062  509  877  618 1033  596  612  691  700 2886 5824
  835 1095  796 1153  689  608  499  507  519  584 3207  487  443  949
 4813  660  515 1277  687  451  886  578 1902  598  697  631  507  598
  572  728  506  729  675  604  732  586  931  682  581  519  583  514
  563  599  675  517  553  581  979  922  642  912  591  545  668  913
  781  596  657  509  645  805  554  546  498  529  542  522  783  556
  612  666  623  456  508  643  587  635  534  713  603  634  500  543
  513  514 1466  689  568  522  858  669  645  585  755  633  645  550
  892  500  589  536  601  803  588  879  645  577  940  622 1062 1060
  591  566  532  620  643  751  550  550  555  869  500  477  531  679
  589  453  510  512  624  510  623  531  495  529  633  527  513  714
  735  487  608  511  521  556  567  788  601  723  578  690  601  586
  691  702  552  589  613  734  623  767  619  768  522  513  543  443
  466  863  657  710  442  938  579  655  578  510  546  667  596  454]","[1066  490  645  577  745  497  564  574  764  708  573  683  887  630
  775  809  630  721  821  720  786  865  742 1067  641  686  697  809
  877  518  798  630 1280  653  496  586  495  698  451  899  697  541
  832  675  564  730 1201  663  630 1182  756  589  622  661  526  774
  638  598  612  397  525  550  654  637  877  565  613 1213  637  710
  589  877  581  757  821  508  462  550  910  438  550  478 1598  590
  446  422  638  765  742  638  710  527  637  670  589  470  501  526
  526  550  702  455  766  501  463  462  518  486  518  662  669  747
  665  529  496  544  551  549  845  614  613  502  430  542  861  478
  581  533  492  525  574  581  661  590  461  829  533  549  534  462
  494  461  486  790  622  693  469  622  741  613  747  944  527  669
  605  477  613  661  462  445  709  516  542  550  598  518  558  590
  397  534  541  518  429  445  510  748  757  582  670  573  659  714
  583  951  704  563  772  760 1414  708  872  973  614  739  738  691
 1243  546  592 1278  725  936  760  927  600  782  849  737  614  905
  924  549  479  540  501  524 1068  631  687  576  929  587  478  771
  637  793  588  371  455  480  514  589  787  556  704  626  465  559
  585  624  759  512  622  513  525 1333  497  467  535  663  579  571
  623  467  813  904  656  913  791  892  806  757  762  563  846  607
  853  628  647  869  658  592  964  846  828 1243  839  582  513  648
  846  642  523  717  850  953  815  771  800  491  605 1571  650  906
  591  794  589  413  767  749  559 1200  637  778  558 1153  714  761
 1047  554  768  710  868  726  604  593  627  773  692  628 1210  651
  663 1786  725  630  686  601 1044  715  796  578  909  502  516  447
  503  459  582  938  593  550  536  581  507 1113  656  801  792 1133
 1032  784  634  548  532  725  683  582  646 1273  524 1097  615  715
  637  672  705 1039  759  870  839  884  659  627  605  720  547  557
  625  684 1062 1033  701  843 1223  954  683  585  847  740  633  973
  598  468  596  733  945  575  900  752  530  983  720  658  608  686
  529  560  552  524  833 1138  598 1146  652  781  803  708  614  673
  808  598  710  573  614  653 2134  944  718  636 1007  659  755 1304
  605  897  919  820  824  930 2611  630 1182  590 1193  570  810  595
  536  528  550  777  555  592  541 1007  489  555  607  823  635 1195
  848  676  474  582  551  789  520  538  485  787  480  776  507  726
  729  593  641  563  731  493  507  575  572  540  865  584  530  619
  628  597  787  675  562  821  796  541  597  676  495]","[1 1 1 1 1 1 1 1 1 1 1 1 1 1 1 1 1 1 1 1 1 1 1 1 1 1 1 1 1 1 1 1 1 1 1 1 1
 1 1 1 1 1 1 1 1 1 1 1 1 1 1 1 1 1 1 1 1 1 1 1 1 1 1 1 0 1 1 1 1 1 1 1 1 1
 1 1 1 1 1 1 1 1 1 1 1 1 1 1 1 1 1 1 1 1 1 1 1 1 1 1 1 1 1 1 1 1 1 1 1 1 1
 1 1 1 1 1 1 1 1 1 1 1 1 0 1 1 1 1 1 1 1 1 1 1 1 1 1 1 1 1 1 1 1 1 1 1 1 1
 1 1 1 1 1 1 1 1 1 1 1 1 1 1 1 1 1 1 1 1 1 1 1 1 1 1 1 1 1 1 1 1 1 1 1 1 1
 1 1 1 1 1 1 1 1 1 1 1 1 1 1 1 1 1 1 1 1 1 1 1 1 1 1 1 1 1 1 1 1 1 1 1 1 1
 1 1 1 1 1 1 1 1 1 0 1 1 1 1 1 1 1 1 1 1 1 1 1 1 1 1 1 1 1 1 1 1 1 1 1 1 1
 1 1 1 1 1 1 1 1 1 1 1 1 1 1 1 1 1 1 1 1 1 1 1 1 1 1 1 1 1 1 1 1 1 1 1 1 1
 1 1 1 1 1 1 1 1 1 1 1 1 1 1 1 1 1 1 1 1 1 0 1 1 1 1 1 1 1 1 1 1 1 1 1 1 1
 1 1 1 1 1 1 1 1 1 1 1 1 1 1 1 1 1 1 1 1 1 1 1 1 1 1 1 1 1 1 1 1 1 1 1 1 1
 1 1 1 1 1 1 1 1 1 1 1 1 1 1 1 1 1 1 1 1 1 1 1 1 1 1 1 1 1 1 1 1 1 1 1 1 1
 1 1 1 1 1 1 1 1 1 1 1 1 1 1 1 1 1 1 1 1 1 1 1 1 1 1 1 1 1 1 1 1 1 1 1 1 1
 1 1 1 1 1 1 1 1 1 1 1 1 1 1 1 1 1 1 1 1 1 1 1 1 1 1 1 1 1 1 1 1 1 1 1 1 1
 1 1 1 1 1 1 1 1 1 1 1 1 1 1 1]","[1 1 1 1 1 1 1 1 1 1 1 0 1 1 1 1 1 1 1 1 1 1 1 1 1 1 1 1 1 1 1 1 0 1 1 1 1
 1 1 1 1 1 1 1 1 1 1 1 1 1 1 1 1 1 1 1 1 1 1 1 1 1 1 1 1 1 1 1 1 1 1 1 1 1
 1 1 1 1 1 1 1 1 1 1 1 1 1 1 1 1 1 1 1 1 1 1 1 1 1 1 1 1 1 1 1 1 1 1 1 1 1
 1 1 1 1 0 1 1 1 1 1 1 1 1 1 1 1 1 1 1 1 1 1 1 1 1 1 1 1 1 1 1 1 1 1 1 1 1
 1 1 1 1 1 1 1 1 1 1 1 1 1 1 1 1 1 1 1 1 1 1 1 1 1 1 1 1 1 1 1 1 1 1 1 1 1
 1 1 1 1 0 1 1 1 1 1 1 1 1 1 1 1 1 1 1 1 1 1 1 1 1 1 1 1 1 1 1 1 1 1 1 1 1
 1 1 1 1 1 1 1 1 1 1 1 1 1 1 1 1 1 1 1 1 1 1 1 1 1 1 1 1 1 1 1 1 1 1 0 1 1
 1 1 1 1 1 1 1 1 1 1 1 1 1 1 1 1 1 1 1 1 1 1 1 1 1 1 1 1 1 1 1 1 1 1 1 1 1
 1 1 1 1 1 1 1 1 1 1 1 1 1 1 1 1 1 1 1 1 1 1 1 1 1 1 1 1 1 1 1 1 1 1 1 1 1
 1 1 1 1 1 1 1 1 1 1 1 1 1 1 1 1 1 1 1 1 1 1 1 1 1 1 1 1 1 1 1 1 1 1 1 1 1
 1 1 1 1 1 1 1 1 1 1 1 1 1 1 1 1 1 1 1 0 1 1 1 1 1 1 1 1 1 1 1 1 1 1 1 1 1
 1 1 1 1 1 1 1 1 1 1 1 1 1 1 1 1 1 1 1 1 1 1 1 1 1 1 1 1 1 1 1 1 1 1 1 1 1
 1 1 1 1 1 1 1 1 1 1 1 1 1 1 0 1 1 1 1 1 1 1 1 1 1 1 1 1 1 1 1 1 1 1 1 1 1
 1 1 1 1 1 1 1 1 1]","[1 1 1 1 1 1 1 1 1 1 1 1 1 1 1 1 1 1 1 1 1 1 1 1 0 1 1 1 0 1 1 1 1 1 1 1 1
 1 1 1 1 1 1 1 1 1 1 1 1 1 1 1 1 1 1 1 1 1 1 1 1 1 1 1 1 1 1 1 1 1 1 1 1 1
 1 0 1 1 1 1 1 1 1 1 1 1 1 1 1 1 1 1 1 1 1 1 1 1 1 1 0 1 1 1 1 1 1 1 1 1 0
 1 1 1 1 1 1 1 1 1 1 1 1 1 1 1 1 1 1 1 1 1 1 1 1 1 1 1 1 1 1 1 1 1 1 1 1 1
 1 1 1 1 1 1 1 1 1 1 1 1 1 1 1 1 1 1 1 1 1 1 1 1 1 1 1 1 1 1 1 1 1 1 1 1 1
 1 1 1 1 1 1 1 1 1 1 1 1 1 1 1 1 1 1 1 1 1 1 1 1 1 1 1 1 1 1 1 1 1 1 1 1 1
 0 1 1 1 1 1 1 1 1 1 1 1 1 1 1 1 1 1 1 1 1 1 1 1 1 1 1 1 1 1 1 1 1 0 1 1 1
 1 1 1 1 1 1 1 1 1 1 1 1 1 0 1 1 1 1 1 1 1 1 1 1 1 1 1 1 1 1 1 1 1 1 1 1 1
 1 1 1 1 1 1 1 1 1 1 1 1 1 1 1 1 1 1 1 1 1 1 1 1 1 1 1 1 1 1 1 1 1 1 1 1 1
 1 1 1 1 1 1 1 1 1 1 1 1 1 1 1 1 1 1 1 1 1 1 1 1 1 1 1 1 1 1 1 1 1 1 1 1 1
 1 1 1 1 1 1 1 1 1 1 1 1 1 1 1 1 1 1 1 1 1 1 1 1 1 1 1 1 1 1 1 1 1 1 1 1 1
 1 1 1 1 1 1 1 1 1 1 1 1 1 1 1 1 1 1 1 1 1 1 1 0 1 1 1 1 1 1 1 1 1 1 1 1 1
 1 1 1 1 0 1 1 1 1 1 1 1 1 1 1 1 1 1 1 1 1 1 1 1 1 1 1 1 1 1 1 1 1 1 1 1 1
 1 1 1 1 1 1 1 1 1 1 1 1 1 1 1 1 1 1 1 1 1 1 1 1 1 1 1 1 1 1 1 1 1 1 1 1 1
 1 1 1 1 1 1]","[1 1 1 1 1 1 1 1 1 1 1 1 0 1 1 1 1 1 1 1 1 1 1 1 1 1 1 1 1 1 1 1 1 1 1 0 1
 1 1 1 1 1 1 1 1 1 1 1 1 1 0 1 1 1 1 1 0 1 1 1 1 1 1 1 0 1 1 1 1 1 1 1 1 1
 1 1 1 1 1 1 1 1 1 1 1 1 1 1 1 1 1 1 1 1 1 1 1 1 1 1 1 1 1 1 1 1 1 1 1 1 1
 1 1 1 1 1 1 1 1 1 1 1 1 1 1 1 1 1 1 1 1 1 1 1 1 1 1 0 1 1 1 1 1 1 1 1 1 1
 1 1 1 1 1 1 1 1 1 1 0 1 1 1 1 1 1 1 1 1 1 1 1 0 1 1 1 1 1 1 1 1 1 1 1 1 0
 1 1 1 1 1 1 1 1 1 1 1 1 1 1 1 1 1 1 1 1 1 1 1 1 1 1 1 1 1 1 0 1 1 1 1 1 1
 1 1 1 1 1 1 1 1 1 1 1 1 1 1 1 1 1 1 1 1 1 1 1 1 1 1 1 1 1 0 1 1 1 1 1 1 1
 1 1 1 1 1 1 1 1 1 1 1 1 1 1 0 1 1 0 1 1 1 1 1 1 1 1 1 1 1 1 1 1 1 1 1 1 1
 1 1 1 1 1 1 1 1 1 1 1 1 1 1 1 1 1 1 1 1 1 1 1 1 1 1 1 1 1 1 1 1 1 1 1 1 1
 1 1 1 1 1 1 1 1 1 0 1 1 1 1 1 1 1 1 1 1 1 1 1 1 1 0 1 1 1 1 1 1 1 1 1 1 1
 1 1 1 1 1 1 1 1 1 1 1 1 1 1 1 1 1 1 1 1 1 1 1 1 1 1 1 1 1 1 1 1 1 1 1 1 1
 1 1 1 1 1 1 1 1 1 1 1 1 1 1 1 1 1 1 1 1 1 1 1 1 1 1 1 1 1 1 1 1 1 1 1 1 1
 1 0 1 1 1 1 1 1 1 1 1 1 1 1 1 1 1 1 1 1 1 1 1 1 1 1 1 1 1 1 1 1 1 1 1 1 1
 1]","[1 1 1 1 1 1 1 1 1 1 1 1 1 1 1 1 1 1 1 1 1 1 1 1 1 1 1 1 1 1 1 1 1 1 1 1 1
 1 1 1 1 1 1 1 1 1 1 1 1 1 1 1 1 1 1 1 1 1 1 1 1 1 1 1 1 1 1 1 1 1 1 1 1 1
 1 1 1 1 1 1 1 1 1 1 1 1 1 1 1 0 1 1 1 1 1 1 1 1 1 1 1 1 1 1 1 1 1 1 1 1 1
 1 1 1 1 1 1 1 1 1 1 1 1 1 1 1 1 1 1 1 1 1 1 1 1 1 1 1 1 1 1 1 1 1 1 1 1 1
 1 1 1 1 1 1 1 1 1 1 1 1 1 1 1 1 1 1 1 1 1 1 0 1 1 0 1 1 1 1 1 1 1 1 1 1 1
 1 1 1 1 1 1 1 1 1 1 1 1 1 1 1 0 1 1 1 1 1 1 1 1 1 1 1 1 1 1 1 1 1 1 1 1 1
 1 1 1 1 1 1 1 1 1 1 1 1 1 1 1 1 1 1 1 1 1 0 1 1 1 1 1 1 1 1 1 1 1 1 1 1 1
 1 1 1 1 1 1 1 1 1 1 1 1 1 1 1 1 1 1 1 1 1 1 1 1 1 1 1 1 1 1 1 1 1 1 1 1 1
 1 1 1 1 1 1 1 1 1 1 1 1 1 1 1 1 1 1 1 1 1 1 1 1 1 1 1 1 1 1 1 1 1 1 1 1 1
 1 1 1 1 1 1 1 1 1 1 1 1 1 1 1 1 1 1 1 1 1 1 1 0 1 1 1 1 1 1 1 1 1 1 1 1 1
 1 1 1 1 1 1 1 1 1 1 1 1 1 1 1 1 1 1 1 1 1 1 1 1 1 1 1 1 1 1 1 1 1 1 1 1 1
 1 1 1 1 1 1 1 1 1 1 1 1 1 1 1 1 1 1 1 1 1 1 1 1 1 1 1 1 1 0 1 1 1 1 1 1 1
 1 1 1 1 1 1 1 1 1 1 1 1 1 1 1 1 1 1 1 1 1 1 1 1 1 1 1 1 1 1 1 1 1 1 1 1 1
 1 1 1 1 1 1 1 1 1 1 0 1 1]","[1 1 1 0 1 1 1 1 1 1 1 1 1 1 1 1 1 1 1 1 1 1 1 1 1 1 1 1 1 1 1 1 1 1 1 1 1
 1 1 1 1 1 1 1 1 1 1 1 1 1 1 1 1 1 1 1 1 1 1 1 1 1 1 1 1 1 1 1 1 1 1 1 1 1
 1 1 1 1 1 1 1 1 1 1 1 1 1 1 1 1 1 1 1 1 1 1 1 1 1 1 1 1 1 1 1 1 1 1 1 1 1
 1 1 1 1 1 1 1 1 1 1 1 1 1 1 1 1 1 1 1 1 1 1 1 1 1 1 0 1 1 1 1 1 1 1 1 1 1
 1 1 1 1 1 1 1 1 1 1 1 1 1 1 1 1 1 1 1 1 1 1 1 1 1 1 1 1 1 1 1 1 1 1 1 1 1
 1 1 1 1 1 1 1 1 1 1 1 1 1 1 1 1 1 1 1 1 1 1 1 1 1 1 1 1 1 1 1 1 1 0 1 1 1
 1 1 1 1 1 1 1 1 1 1 1 1 1 1 1 1 1 1 1 1 1 1 1 1 1 1 1 1 1 1 1 1 1 1 1 1 1
 1 1 1 1 1 1 1 1 1 1 1 1 1 1 1 1 1 1 1 1 1 1 1 1 1 1 1 1 1 1 1 1 1 1 1 1 1
 0 1 1 1 1 1 1 1 1 1 1 1 1 1 1 1 1 1 1 1 1 1 1 1 1 1 1 1 1 1 1 1 1 1 1 1 1
 1 1 1 1 1 1 1 1 1 1 1 1 1 1 1 1 1 1 1 1 1 1 1 1 1 1 1 1 1 1 1 1 1 1 1 1 1
 1 1 1 1 1 1 1 1 1 1 1 1 1 1 1 1 1 1 1 1 1 1 1 1 1 1 1 1 1 1 1 1 1 1 1 1 1
 1 1 1 1 1 1 1 1 1 1 1 1 1 1 1 1 1 1 1 1 1 1 1 1 1 1 1 1 1 1 1 1 1 1 1 1 1
 1 1 1 1 1 1 1 1 1 1 1 1 1 1 1 1 1 1 1 1 1 1 1 1 1 1 1 1 1 1 1 1 1 1 1 1 1
 1 1 1 1 1 1 1 1 1 1 1 1 1 1 1 1 1 1 1 1 1 1 1 1 1]","[1 1 1 0 1 1 1 1 1 1 1 1 1 1 1 1 1 1 1 1 1 1 1 1 1 1 1 1 1 1 1 1 1 1 1 1 1
 1 1 1 1 1 1 1 1 1 1 1 1 1 1 1 1 1 1 1 1 1 1 1 1 1 1 1 1 1 1 1 1 1 1 1 1 1
 1 1 1 1 1 1 1 1 1 1 1 1 1 1 1 1 1 1 1 1 1 1 1 1 1 1 1 1 1 1 1 1 1 1 1 1 1
 1 1 1 1 1 1 1 1 1 1 1 1 1 1 1 1 1 1 1 1 1 1 1 1 1 1 1 1 1 1 1 1 1 1 1 1 1
 1 1 1 1 1 1 1 1 1 1 1 1 1 1 1 1 1 1 1 1 1 1 1 1 1 1 1 1 1 1 1 1 1 1 1 1 1
 1 1 1 1 1 1 1 1 1 1 1 1 1 1 1 1 1 1 1 1 1 1 1 1 1 1 1 1 1 1 1 1 1 1 1 1 1
 1 1 1 1 1 1 1 1 1 1 1 1 1 1 1 1 1 1 1 1 1 1 1 1 1 1 1 1 1 1 1 1 1 1 1 1 1
 1 1 1 1 1 1 1 1 1 1 1 1 1 1 1 1 1 1 1 1 1 1 1 1 1 1 1 1 1 1 1 1 1 1 1 1 1
 1 1 1 1 1 1 1 1 1 1 1 1 1 1 1 1 1 1 1 1 1 1 1 1 1 1 0 1 1 1 1 1 1 1 1 1 1
 1 1 1 1 1 1 1 1 1 1 1 1 1 1 1 1 1 1 1 1 1 1 1 1 1 1 1 1 1 1 1 1 1 1 1 1 1
 1 1 1 1 1 1 1 1 1 1 1 1 1 1 1 1 1 1 1 1 1 1 1 1 1 1 1 1 1 1 1 1 1 1 1 1 1
 1 1 1 1 1 1 1 1 1 1 1 1 1 1 1 1 1 1 1 1 1 1 1 1 1 1 1 1 1 1 1 1 1 1 1 1 1
 1 1 1 1 1 1 1 1 1 1 1 1 1 1 1 1 1 1 1 1 1 1 1 1 1 1 1 1 1 1 1 1 1 1 1 1 1
 1 1 1 1 1 1 1 1 1 1 1 1 1 1 1 1 1 1 1 1 1 1 1]","[1 1 1 1 1 1 1 1 1 1 1 1 1 1 1 1 1 1 1 1 1 1 1 1 1 1 1 1 1 1 1 1 1 1 1 1 1
 1 1 1 1 1 1 1 1 1 1 1 1 1 1 1 1 1 1 1 1 1 1 1 1 1 1 1 1 1 1 1 1 1 1 1 1 1
 1 1 1 1 1 1 1 1 1 1 1 1 1 1 1 1 1 1 1 1 1 1 1 1 1 1 1 1 1 1 1 1 1 1 1 1 1
 1 1 1 1 1 1 1 1 1 1 1 1 1 1 1 1 1 1 1 1 1 1 1 1 1 1 1 1 1 1 1 1 1 1 1 1 1
 1 1 1 1 1 1 1 1 1 1 1 1 1 1 1 1 1 1 1 1 1 1 1 1 1 1 1 1 1 1 1 1 1 1 1 1 1
 1 1 1 1 1 1 1 1 1 1 1 1 1 1 1 1 1 1 1 1 1 1 1 1 1 1 1 1 1 1 1 1 1 1 1 1 1
 1 1 1 1 1 1 1 1 1 1 1 1 1 1 1 1 1 1 1 1 1 1 1 1 1 1 1 1 1 1 1 1 1 1 1 1 1
 1 1 1 1 1 1 1 1 1 1 1 1 1 1 1 1 1 1 1 1 1 1 1 1 1 1 1 1 1 1 1 1 1 1 1 1 1
 1 0 1 1 1 1 1 1 1 1 1 1 1 1 1 1 1 1 1 1 1 1 1 1 1 1 1 1 1 1 1 1 1 1 1 1 1
 1 1 1 1 1 1 1 1 1 1 1 1 1 1 1 1 1 1 1 1 1 1 1 1 1 1 1 1 1 1 1 1 1 1 1 1 1
 1 1 1 1 1 1 1 1 1 1 1 1 1 1 1 1 1 1 1 1 1 1 1 1 1 1 1 1 1 1 1 1 1 1 1 1 1
 1 1 1 1 1 1 1 1 1 1 1 1 1 1 1 1 1 1 1 1 1 1 1 1 1 1 1 1 1 1 1 1 1 1 1 1 1
 1 1 1 1 1 1 1 1 1 1 1 1 1 1 1 1 1 1 1 1 1 1 1 1 1 1 1 1 1 1 1 1 1 1 1 1 1
 1 1 1 1 1 1 1 1 1 1 1 1 1 1 1 1 1 1 1 1]","(np.float64(3.9567153774526562), np.float64(382.87463205544327), np.float64(33.72543357406335))","(np.float64(3.051871014971052), np.float64(397.57805736016815), np.float64(39.574758151123426))","(np.float64(3.9617595066451754), np.float64(416.0987698249743), np.float64(38.26768268420233))","(np.float64(4.126086798248748), np.float64(418.09302729948024), np.float64(44.58332188085488))","(np.float64(3.530462981809322), np.float64(427.9167246354848), np.float64(43.91229000746132))","(np.float64(3.233757384061443), np.float64(453.9744949563069), np.float64(42.75422028980651))","(np.float64(5.182279711743453), np.float64(458.7255955302229), np.float64(43.40619619483089))","(np.float64(3.815409663067226), np.float64(493.936675264583), np.float64(53.374655791237366))","[np.float64(6.1988802269875025), np.float64(1.2909500270998164), np.float64(-0.35379814429924994), np.float64(0.19999999999999998)]","[np.float64(5.349317392809925), np.float64(1.1906211335002053), np.float64(-0.37838821960900215), np.float64(0.19999999999999998)]","[np.float64(5.502047746502598), np.float64(1.2745786238790922), np.float64(-0.4495576863356379), np.float64(0.19999999999999998)]","[np.float64(4.2129006706589625), np.float64(1.137691561112837), np.float64(-0.3916009269821782), np.float64(0.19999999999999998)]","[np.float64(5.46222710947451), np.float64(1.3074881017087534), np.float64(-0.45611620145641235), np.float64(0.19999999999999998)]","[np.float64(5.099689992984806), np.float64(1.4125614327493685), np.float64(-0.3864774907459074), np.float64(0.19999999999999998)]","[np.float64(4.689480127626521), np.float64(1.477229167290361), np.float64(-0.3423654048004462), np.float64(0.19999999999999998)]","[np.float64(3.9797712986962446), np.float64(1.474687876379043), np.float64(-0.3094802857081849), np.float64(0.19999999999999998)]","[[0.         0.01361792 0.17059644 0.25129224 0.2618647  0.61473568
  1.04975992 1.51010809]
 [0.01311105 0.         0.11317891 0.20369972 0.19006835 0.46844552
  0.90038016 1.33530308]
 [0.13929346 0.10665373 0.         0.03101726 0.01243418 0.11393422
  0.35974235 0.64453014]
 [0.24466759 0.23651785 0.03412418 0.         0.01745686 0.10796248
  0.21670592 0.43432783]
 [0.21398047 0.17796712 0.01177135 0.01601821 0.         0.05575349
  0.24266214 0.4679278 ]
 [0.387516   0.32451189 0.09027064 0.08418275 0.04529163 0.
  0.15479424 0.29554387]
 [0.79056185 0.81028888 0.33149257 0.16543061 0.23632693 0.21046286
  0.         0.04364153]
 [0.99262297 1.01436446 0.48700095 0.29252309 0.36842581 0.30431151
  0.03886448 0.        ]]","[[1.         0.94295054 0.82298971 0.77202305 0.77258619 0.69016405
  0.59941733 0.51989672]
 [0.94295054 1.         0.85851211 0.79210469 0.80360951 0.72148185
  0.61434665 0.53022934]
 [0.82298971 0.85851211 1.         0.92019065 0.94480696 0.86126993
  0.74859171 0.66255575]
 [0.77202305 0.79210469 0.92019065 1.         0.94451932 0.86838621
  0.82222376 0.73717537]
 [0.77258619 0.80360951 0.94480696 0.94451932 1.         0.90854658
  0.79521441 0.70997816]
 [0.69016405 0.72148185 0.86126993 0.86838621 0.90854658 1.
  0.81793637 0.74983688]
 [0.59941733 0.61434665 0.74859171 0.82222376 0.79521441 0.81793637
  1.         0.90779317]
 [0.51989672 0.53022934 0.66255575 0.73717537 0.70997816 0.74983688
  0.90779317 1.        ]]","[[1.         0.99993201 0.99999225 0.99983108 0.99989411 0.99997662
  0.99997852 0.9998009 ]
 [0.99993201 1.         0.99997016 0.99997299 0.99999519 0.99998574
  0.99998163 0.99996448]
 [0.99999225 0.99997016 1.         0.99989449 0.99994353 0.99999475
  0.99999498 0.99987147]
 [0.99983108 0.99997299 0.99989449 1.         0.99999082 0.99992025
  0.99992828 0.99999673]
 [0.99989411 0.99999519 0.99994353 0.99999082 1.         0.99996443
  0.99996403 0.99998538]
 [0.99997662 0.99998574 0.99999475 0.99992025 0.99996443 1.
  0.99999127 0.99990542]
 [0.99997852 0.99998163 0.99999498 0.99992828 0.99996403 0.99999127
  1.         0.99990521]
 [0.9998009  0.99996448 0.99987147 0.99999673 0.99998538 0.99990542
  0.99990521 1.        ]]","[[  0.          15.85004912  33.53319822  36.85454909  46.18163963
   71.67448753  76.47606052 112.78692009]
 [ 15.85004912   0.          18.58905951  21.14482541  30.6509048
   56.48628361  61.30448583  97.34476571]
 [ 33.53319822  18.58905951   0.           6.62505583  13.10387975
   38.14747123  42.95276778  79.29048857]
 [ 36.85454909  21.14482541   6.62505583   0.           9.86458721
   35.93913724  40.66333446  76.35209892]
 [ 46.18163963  30.6509048   13.10387975   9.86458721   0.
   26.08517881  30.8572707   66.69521304]
 [ 71.67448753  56.48628361  38.14747123  35.93913724  26.08517881
    0.           5.17636634  41.35344997]
 [ 76.47606052  61.30448583  42.95276778  40.66333446  30.8572707
    5.17636634   0.          36.62046773]
 [112.78692009  97.34476571  79.29048857  76.35209892  66.69521304
   41.35344997  36.62046773   0.        ]]","[[1.         0.99980906 0.99946682 0.99763958 0.99923844 0.99774176
  0.99491104 0.98864153]
 [0.99980906 1.         0.99990735 0.99875324 0.99980032 0.99868872
  0.99630451 0.99078494]
 [0.99946682 0.99990735 1.         0.99924961 0.9999722  0.99907615
  0.99695421 0.9918889 ]
 [0.99763958 0.99875324 0.99924961 1.         0.99950155 0.99981038
  0.9989378  0.99574923]
 [0.99923844 0.99980032 0.9999722  0.99950155 1.         0.99934731
  0.99747406 0.9927742 ]
 [0.99774176 0.99868872 0.99907615 0.99981038 0.99934731 1.
  0.99938333 0.99640204]
 [0.99491104 0.99630451 0.99695421 0.9989378  0.99747406 0.99938333
  1.         0.99874842]
 [0.98864153 0.99078494 0.9918889  0.99574923 0.9927742  0.99640204
  0.99874842 1.        ]]","[[0.         0.85581982 0.7035719  1.99224296 0.7439088  1.10637988
  1.52089424 2.22714349]
 [0.85581982 0.         0.18825651 1.1377254  0.18013365 0.33412089
  0.72029648 1.40039235]
 [0.7035719  0.18825651 0.         1.29768919 0.05207428 0.43001178
  0.84428879 1.54174932]
 [1.99224296 1.1377254  1.29768919 0.         1.26246174 0.92842609
  0.587229   0.41792298]
 [0.7439088  0.18013365 0.05207428 1.26246174 0.         0.38382693
  0.79930543 1.49904406]
 [1.10637988 0.33412089 0.43001178 0.92842609 0.38382693 0.
  0.41761217 1.12428028]
 [1.52089424 0.72029648 0.84428879 0.587229   0.79930543 0.41761217
  0.         0.71047485]
 [2.22714349 1.40039235 1.54174932 0.41792298 1.49904406 1.12428028
  0.71047485 0.        ]]"
2,2,"[ 485  469  470  429  508  412  428  492  476  468  500  436  491  492
  564  532  460  428  477  621  509  492  524  524  563  419  452  500
  636  821  700  532  445  804  540  468  484  493  444  444  508  427
  460  494  461  406  445  533  572  453  508  404  484  404  492  470
  526  540  533  468  444  524  469  644  452  436  613  437  628  540
  484  468  413  516  589  460  500  509  428  428  452  476  492  437
  613  436  549  396  444  459  459  523  579  579  442  579  476  515
  467  539  500  452  556  515  523  570  585  491  428  676  459  571
  403  507  532  475  619  540  523  579  475  436  552  764  541  493
  436  659  492  443  570  459  483  459  540  516  443  492  467  457
  507  451  467  427  522  539  491  515  466  563  419  515  395  644
  571  467  395  475  635  484  435  755  595  782  548  597  565  573
  533  533  493  668  524  475  540  813  573  467  540  532  628  604
  524  508  564  589  517  485  701  660  563  452  556  541  508  468
 1108  501  630  621  532  621  508  500  644  660  644  988  484  796
  533  460  748  428  428  485  451  748  444  516  484  460  595  492
  500  596  525  444  652  476  540  444  580  502  542  502  420  476
  572  468  461  405  596  644  517  468  452  557  477  549  461  516
  651  493  540  436  451  429  461  499  613  493  437  533  483  580
  676  468  475  483  563  580  485  540  636  451  494  509  429  421
  516  413  604  604  493  532  412  581  469  436  613  468  444  476
  428  492  716  475  421  388  468  509  452  405  796  660  453  436
  444  622  469  574  478  509  429  428  428  429  532  652  493  420
  388  580  468  748  557  492  803  507  524  492  405  476  604  508
  540  516  468  460  485  476  460  468  452  460  500  516  493  476
  469  452  803  493  476  412  739  507  548  467  500  716  571  620
  484  595  483  796  619  572  699  523  466  587  603  459  627  499
  443  515  451  467  627  515  586  515  524  539  573  523  500  515
  467  499  557  494  653  666  483  459  475  466  571  474  588  483
  546  659  595  579  459  571  570  564  539  539  459  571  644  484
  459  468  531  524  420  547  450  451  435  478  483  468  515  531
  483  571  540  507  539  451  476  428  403  427  443  459  460  419
  451  539  412  467  523  420  611  563  658  580  571  540  546  539
  562  452  470  491  467  620  684  460  443  515  675  563  475  419
  500  604  539  458  476  594  642  547  548  467  515  522  466  811
  580  866  652  507  442  436  620  529  476  476  469  492  556  492
  532  459  412  443  443  540  516  811  443  521  548  531]","[ 475  658  746  450  697  473  560  424  456  489  465  488  456  407
  488  472  472  823  535  448  992  535  504  600  480  775  560  455
  448  621  511  463  527  487  472  502  632  504  431  415  431  456
  496  638  448  479  543  688  514  411  417  657  401  568  431  504
  447  503  487  544  512  505  459  465  585  559  528  480  544  464
  528  464  511  472  416  431  495  559  455  471  456  448  696  530
  441  488  471  448  487  519  551  543  414  470  559  471  428  439
  463  639  479  502  431  575  558  431  510  495  807  518  600  422
  519  598  439  479  465  438  823  575  462  591  438  535  559  447
  504  543  525  494  455  470  535  613  495  454  463  543  447  486
  726  654  735  471  495  495  614  509  574  414  558  477  555  585
  562  465  640  447  728  624  687  551  567  583  575  519  464  536
  543  568  447  711  536  543  528  640 1205  600  544  575  520  687
  512  623  599  679  551  672  632  679  631  648  551  679  592  472
  568  751  538  601  775  488  487  528  671  480  432  791  440  423
  512  527  472  576  536  432  472  600  559  463  624  456  536  568
  512  416  496  535  447  560  514  675  729  433  536  543  599  487
  536  496  528  480  480  527  448  464  480  552  552  544  472  486
  543  552  511  639  414  495  648  632  567  543  512  616  431  479
  472 1154  618  634  553  561  465  464  496  439  423  527  400  696
  415  800  703  399  624  448  464  415  655  463  446  472  424  560
  480  408  496  583  487  565  440  488  424  538  458  489  432  671
  479  424  423  440  671  640  519  512  479  488  504  480  632  495
  487  479  479  703  472  471  487  504  496  536  479  592  519  391
  440  440  439  441  530  537  488  704  504  511  527  519  549  799
  495  559  495  479  471  607  615  470  486  543  543  583  622  630
  414  565  510  785  577  526  535  455  575  463  503  478  559  494
